00000 ,0.000, 0.000, 0.000, 0.000, 0.000 
00000 ,0.000, 0.000, 0.000, 0.000, 0.000 
00001 ,0.005, 0.005, 0.000, 0.000, 0.000 
00002 ,0.010, 0.010, 0.000, 0.000, 0.000 
00003 ,0.015, 0.015, 0.000, 0.000, 0.000 
00004 ,0.020, 0.020, 0.000, 0.000, 0.000 
00005 ,0.025, 0.025, 0.000, 0.000, 0.000 
00006 ,0.030, 0.030, 0.000, 0.000, 0.000 
00007 ,0.035, 0.035, 0.001, 0.000, 0.000 
00008 ,0.040, 0.040, 0.001, 0.000, 0.000 
00009 ,0.045, 0.045, 0.001, 0.000, 0.000 
00010 ,0.050, 0.050, 0.001, 0.000, -0.000 
00011 ,0.055, 0.055, 0.002, 0.000, -0.000 
00012 ,0.060, 0.060, 0.002, -0.000, -0.001 
00013 ,0.065, 0.065, 0.003, -0.000, -0.001 
00014 ,0.070, 0.070, 0.003, -0.000, -0.001 
00015 ,0.075, 0.075, 0.004, -0.000, -0.001 
00016 ,0.080, 0.080, 0.005, -0.000, -0.001 
00017 ,0.085, 0.085, 0.005, -0.000, -0.000 
00018 ,0.090, 0.090, 0.006, -0.000, -0.000 
00019 ,0.095, 0.095, 0.007, -0.000, -0.000 
00020 ,0.100, 0.100, 0.007, -0.000, 0.000 
00021 ,0.105, 0.105, 0.008, -0.000, 0.000 
00022 ,0.110, 0.110, 0.009, -0.000, 0.000 
00023 ,0.115, 0.115, 0.010, -0.000, 0.000 
00024 ,0.120, 0.120, 0.011, -0.000, 0.001 
00025 ,0.125, 0.125, 0.012, -0.000, 0.001 
00026 ,0.130, 0.130, 0.013, 0.000, 0.001 
00027 ,0.135, 0.135, 0.015, 0.000, 0.001 
00028 ,0.140, 0.140, 0.016, 0.000, 0.002 
00029 ,0.145, 0.145, 0.017, 0.000, 0.002 
00030 ,0.150, 0.150, 0.018, 0.000, 0.002 
00031 ,0.155, 0.155, 0.020, 0.000, 0.002 
00032 ,0.161, 0.159, 0.021, 0.000, 0.002 
00033 ,0.166, 0.164, 0.023, 0.000, 0.002 
00034 ,0.171, 0.169, 0.024, 0.000, 0.001 
00035 ,0.176, 0.174, 0.026, 0.000, 0.001 
00036 ,0.181, 0.179, 0.027, 0.000, 0.001 
00037 ,0.186, 0.184, 0.029, 0.000, 0.001 
00038 ,0.191, 0.189, 0.031, 0.000, 0.000 
00039 ,0.196, 0.194, 0.033, 0.000, 0.000 
00040 ,0.201, 0.199, 0.034, 0.000, 0.000 
00041 ,0.206, 0.204, 0.036, 0.000, -0.000 
00042 ,0.211, 0.209, 0.038, 0.000, -0.000 
00043 ,0.216, 0.214, 0.040, 0.000, -0.000 
00044 ,0.221, 0.219, 0.042, 0.000, -0.000 
00045 ,0.226, 0.224, 0.044, 0.000, -0.001 
00046 ,0.231, 0.229, 0.046, 0.000, -0.001 
00047 ,0.236, 0.234, 0.049, 0.000, -0.001 
00048 ,0.241, 0.239, 0.051, 0.000, -0.001 
00049 ,0.246, 0.244, 0.053, 0.000, -0.002 
00050 ,0.251, 0.249, 0.055, 0.000, -0.002 
00051 ,0.256, 0.254, 0.058, 0.000, -0.002 
00052 ,0.260, 0.260, 0.060, -0.000, -0.002 
00053 ,0.265, 0.265, 0.063, -0.000, -0.002 
00054 ,0.270, 0.270, 0.065, -0.000, -0.002 
00055 ,0.275, 0.275, 0.068, -0.000, -0.003 
00056 ,0.280, 0.280, 0.070, -0.000, -0.003 
00057 ,0.284, 0.286, 0.073, -0.000, -0.003 
00058 ,0.289, 0.291, 0.076, -0.000, -0.003 
00059 ,0.294, 0.296, 0.079, -0.000, -0.002 
00060 ,0.299, 0.301, 0.081, -0.000, -0.002 
00061 ,0.303, 0.307, 0.084, -0.000, -0.002 
00062 ,0.308, 0.312, 0.087, -0.000, -0.002 
00063 ,0.313, 0.317, 0.090, -0.000, -0.002 
00064 ,0.318, 0.322, 0.093, -0.000, -0.001 
00065 ,0.323, 0.327, 0.096, -0.000, -0.002 
00066 ,0.328, 0.332, 0.099, -0.000, -0.001 
00067 ,0.333, 0.337, 0.103, -0.000, -0.001 
00068 ,0.338, 0.342, 0.106, -0.000, -0.000 
00069 ,0.343, 0.347, 0.109, -0.000, -0.000 
00070 ,0.348, 0.352, 0.112, -0.000, -0.000 
00071 ,0.353, 0.357, 0.116, -0.000, -0.000 
00072 ,0.358, 0.362, 0.119, -0.000, -0.000 
00073 ,0.363, 0.367, 0.123, -0.000, -0.000 
00074 ,0.368, 0.372, 0.126, -0.000, 0.000 
00075 ,0.373, 0.377, 0.130, -0.000, 0.000 
00076 ,0.378, 0.382, 0.133, -0.000, 0.001 
00077 ,0.383, 0.387, 0.137, -0.000, 0.001 
00078 ,0.388, 0.392, 0.141, -0.000, 0.002 
00079 ,0.393, 0.397, 0.145, -0.000, 0.001 
00080 ,0.398, 0.402, 0.148, -0.000, 0.002 
00081 ,0.403, 0.400, 0.152, -0.000, 0.002 
00082 ,0.400, 0.405, 0.156, -0.000, 0.002 
00083 ,0.400, 0.400, 0.160, -0.000, 0.002 
00084 ,0.400, 0.405, 0.164, -0.000, 0.002 
00085 ,0.400, 0.400, 0.168, -0.000, 0.001 
00086 ,0.400, 0.405, 0.172, -0.000, 0.001 
00087 ,0.400, 0.400, 0.176, -0.000, 0.001 
00088 ,0.400, 0.405, 0.180, -0.000, 0.001 
00089 ,0.400, 0.400, 0.184, -0.000, 0.000 
00090 ,0.400, 0.405, 0.188, -0.000, 0.000 
00091 ,0.400, 0.400, 0.192, -0.000, -0.000 
00092 ,0.400, 0.405, 0.196, -0.000, -0.000 
00093 ,0.400, 0.400, 0.200, -0.000, -0.000 
00094 ,0.400, 0.400, 0.204, -0.000, -0.000 
00095 ,0.400, 0.400, 0.208, -0.000, -0.000 
00096 ,0.400, 0.400, 0.212, -0.000, -0.000 
00097 ,0.400, 0.400, 0.216, -0.000, -0.000 
00098 ,0.405, 0.400, 0.220, -0.000, -0.000 
00099 ,0.400, 0.400, 0.224, -0.000, -0.000 
00100 ,0.405, 0.400, 0.228, -0.000, -0.000 
00101 ,0.400, 0.400, 0.232, -0.000, -0.000 
00102 ,0.405, 0.400, 0.236, -0.000, -0.000 
00103 ,0.400, 0.400, 0.239, -0.000, 0.000 
00104 ,0.400, 0.405, 0.243, -0.000, 0.000 
00105 ,0.400, 0.400, 0.247, -0.000, 0.000 
00106 ,0.400, 0.405, 0.251, -0.000, 0.000 
00107 ,0.400, 0.400, 0.255, -0.000, -0.000 
00108 ,0.400, 0.405, 0.259, -0.000, -0.000 
00109 ,0.400, 0.400, 0.263, -0.000, -0.000 
00110 ,0.405, 0.400, 0.267, -0.000, -0.000 
00111 ,0.400, 0.400, 0.271, -0.000, -0.000 
00112 ,0.405, 0.400, 0.275, -0.000, -0.000 
00113 ,0.400, 0.400, 0.279, -0.000, -0.000 
00114 ,0.405, 0.400, 0.283, -0.000, -0.000 
00115 ,0.400, 0.400, 0.287, -0.000, 0.001 
00116 ,0.400, 0.405, 0.291, -0.000, 0.000 
00117 ,0.400, 0.400, 0.295, -0.000, 0.000 
00118 ,0.400, 0.405, 0.299, -0.000, 0.000 
00119 ,0.400, 0.400, 0.303, -0.000, 0.000 
00120 ,0.400, 0.405, 0.307, -0.000, 0.000 
00121 ,0.400, 0.400, 0.311, -0.000, -0.000 
00122 ,0.405, 0.400, 0.315, -0.000, -0.000 
00123 ,0.400, 0.400, 0.319, -0.000, -0.000 
00124 ,0.405, 0.400, 0.323, -0.000, -0.000 
00125 ,0.400, 0.400, 0.327, -0.000, 0.000 
00126 ,0.400, 0.400, 0.331, -0.000, 0.000 
00127 ,0.400, 0.405, 0.335, -0.000, 0.000 
00128 ,0.400, 0.400, 0.339, -0.000, 0.000 
00129 ,0.400, 0.405, 0.343, -0.000, 0.000 
00130 ,0.400, 0.400, 0.346, -0.000, -0.000 
00131 ,0.405, 0.400, 0.354, -0.000, 0.000 
00132 ,0.400, 0.400, 0.358, -0.000, 0.000 
00133 ,0.400, 0.400, 0.362, -0.000, 0.000 
00134 ,0.400, 0.400, 0.366, -0.000, 0.000 
00135 ,0.400, 0.400, 0.371, -0.000, -0.000 
00136 ,0.405, 0.400, 0.374, -0.000, -0.000 
00137 ,0.400, 0.400, 0.378, -0.000, -0.000 
00138 ,0.405, 0.400, 0.382, -0.000, -0.000 
00139 ,0.400, 0.400, 0.386, -0.000, 0.000 
00140 ,0.405, 0.400, 0.390, -0.000, 0.000 
00141 ,0.400, 0.400, 0.394, -0.000, 0.000 
00142 ,0.400, 0.405, 0.398, -0.000, 0.000 
00143 ,0.400, 0.400, 0.402, -0.000, 0.000 
00144 ,0.400, 0.405, 0.406, -0.000, 0.000 
00145 ,0.400, 0.400, 0.410, -0.000, 0.000 
00146 ,0.400, 0.405, 0.414, -0.000, 0.000 
00147 ,0.400, 0.400, 0.418, -0.000, -0.000 
00148 ,0.405, 0.400, 0.422, -0.000, -0.000 
00149 ,0.400, 0.400, 0.426, -0.000, -0.000 
00150 ,0.405, 0.400, 0.430, -0.000, -0.000 
00151 ,0.400, 0.400, 0.434, -0.000, 0.000 
00152 ,0.405, 0.400, 0.438, -0.000, 0.000 
00153 ,0.400, 0.400, 0.442, -0.000, 0.001 
00154 ,0.400, 0.405, 0.446, -0.000, 0.000 
00155 ,0.400, 0.400, 0.450, -0.000, 0.000 
00156 ,0.400, 0.405, 0.454, -0.000, 0.000 
00157 ,0.400, 0.400, 0.458, -0.000, 0.000 
00158 ,0.400, 0.405, 0.462, -0.000, 0.000 
00159 ,0.400, 0.400, 0.466, -0.000, -0.000 
00160 ,0.405, 0.400, 0.470, -0.000, -0.000 
00161 ,0.400, 0.400, 0.474, -0.000, -0.000 
00162 ,0.405, 0.400, 0.478, -0.000, -0.000 
00163 ,0.400, 0.400, 0.482, -0.000, 0.000 
00164 ,0.400, 0.400, 0.486, -0.000, 0.000 
00165 ,0.400, 0.405, 0.489, -0.000, 0.000 
00166 ,0.400, 0.400, 0.493, -0.000, 0.000 
00167 ,0.400, 0.405, 0.497, -0.000, 0.000 
00168 ,0.400, 0.400, 0.501, -0.000, -0.000 
00169 ,0.405, 0.400, 0.505, -0.000, -0.000 
00170 ,0.400, 0.400, 0.509, -0.000, 0.000 
00171 ,0.405, 0.400, 0.513, -0.000, 0.000 
00172 ,0.400, 0.400, 0.517, -0.000, 0.000 
00173 ,0.400, 0.400, 0.521, -0.000, 0.000 
00174 ,0.400, 0.400, 0.525, -0.000, 0.000 
00175 ,0.400, 0.400, 0.529, -0.000, 0.000 
00176 ,0.400, 0.400, 0.533, -0.000, 0.000 
00177 ,0.400, 0.400, 0.537, -0.000, 0.000 
00178 ,0.400, 0.400, 0.541, -0.000, 0.000 
00179 ,0.400, 0.400, 0.545, -0.000, 0.000 
00180 ,0.400, 0.400, 0.549, -0.000, 0.000 
00181 ,0.400, 0.400, 0.553, -0.000, 0.000 
00182 ,0.400, 0.405, 0.557, -0.000, 0.000 
00183 ,0.400, 0.400, 0.561, -0.000, 0.000 
00184 ,0.400, 0.405, 0.565, -0.000, 0.000 
00185 ,0.400, 0.400, 0.569, -0.000, -0.000 
00186 ,0.400, 0.400, 0.573, -0.000, -0.000 
00187 ,0.405, 0.400, 0.577, -0.000, -0.001 
00188 ,0.400, 0.400, 0.581, -0.000, -0.000 
00189 ,0.405, 0.400, 0.585, -0.000, -0.000 
00190 ,0.400, 0.400, 0.589, -0.000, 0.000 
00191 ,0.405, 0.400, 0.593, -0.000, 0.000 
00192 ,0.400, 0.400, 0.597, -0.000, 0.001 
00193 ,0.400, 0.405, 0.601, -0.000, 0.001 
00194 ,0.400, 0.400, 0.605, -0.000, 0.000 
00195 ,0.400, 0.405, 0.609, -0.000, 0.000 
00196 ,0.400, 0.400, 0.613, -0.000, 0.000 
00197 ,0.400, 0.405, 0.617, -0.000, 0.000 
00198 ,0.400, 0.400, 0.620, -0.000, -0.000 
00199 ,0.405, 0.400, 0.624, -0.000, -0.000 
00200 ,0.400, 0.400, 0.628, -0.000, -0.000 
00201 ,0.405, 0.400, 0.632, -0.000, -0.000 
00202 ,0.400, 0.400, 0.636, -0.000, 0.000 
00203 ,0.400, 0.400, 0.640, -0.000, 0.000 
00204 ,0.400, 0.405, 0.644, -0.000, 0.000 
00205 ,0.400, 0.400, 0.648, -0.000, 0.000 
00206 ,0.400, 0.405, 0.652, -0.000, 0.000 
00207 ,0.400, 0.400, 0.656, -0.000, -0.000 
00208 ,0.405, 0.400, 0.660, -0.000, -0.000 
00209 ,0.400, 0.400, 0.664, -0.000, 0.000 
00210 ,0.405, 0.400, 0.668, -0.000, 0.000 
00211 ,0.400, 0.400, 0.672, -0.000, 0.000 
00212 ,0.400, 0.400, 0.676, -0.000, 0.000 
00213 ,0.400, 0.400, 0.680, -0.000, 0.000 
00214 ,0.400, 0.400, 0.684, -0.000, 0.000 
00215 ,0.400, 0.400, 0.688, -0.000, 0.000 
00216 ,0.400, 0.400, 0.692, -0.000, 0.000 
00217 ,0.400, 0.400, 0.696, -0.000, 0.000 
00218 ,0.400, 0.400, 0.700, -0.000, 0.000 
00219 ,0.400, 0.400, 0.704, -0.000, 0.000 
00220 ,0.400, 0.400, 0.708, -0.000, 0.000 
00221 ,0.400, 0.405, 0.712, -0.000, 0.000 
00222 ,0.400, 0.400, 0.716, -0.000, 0.000 
00223 ,0.400, 0.405, 0.720, -0.000, 0.000 
00224 ,0.400, 0.400, 0.724, -0.000, -0.000 
00225 ,0.400, 0.400, 0.728, -0.000, -0.000 
00226 ,0.405, 0.400, 0.732, -0.000, -0.001 
00227 ,0.400, 0.400, 0.736, -0.000, -0.000 
00228 ,0.405, 0.400, 0.740, -0.000, -0.000 
00229 ,0.400, 0.400, 0.744, -0.000, 0.000 
00230 ,0.405, 0.400, 0.748, -0.000, 0.000 
00231 ,0.400, 0.400, 0.751, -0.000, 0.001 
00232 ,0.400, 0.405, 0.755, -0.000, 0.001 
00233 ,0.400, 0.400, 0.759, -0.000, 0.000 
00234 ,0.400, 0.405, 0.763, -0.000, 0.000 
00235 ,0.400, 0.400, 0.767, -0.000, 0.000 
00236 ,0.400, 0.405, 0.771, -0.000, 0.000 
00237 ,0.400, 0.400, 0.775, -0.000, -0.000 
00238 ,0.405, 0.400, 0.779, -0.000, -0.000 
00239 ,0.400, 0.400, 0.783, -0.000, -0.000 
00240 ,0.405, 0.400, 0.787, -0.000, -0.000 
00241 ,0.400, 0.400, 0.791, -0.000, 0.000 
00242 ,0.400, 0.400, 0.795, -0.000, 0.000 
00243 ,0.400, 0.405, 0.799, -0.000, 0.000 
00244 ,0.400, 0.400, 0.803, -0.000, 0.000 
00245 ,0.400, 0.405, 0.807, -0.000, 0.000 
00246 ,0.400, 0.400, 0.811, -0.000, -0.000 
00247 ,0.405, 0.400, 0.815, -0.000, -0.000 
00248 ,0.400, 0.400, 0.819, -0.000, -0.000 
00249 ,0.405, 0.400, 0.823, -0.000, 0.000 
00250 ,0.400, 0.400, 0.827, -0.000, 0.000 
00251 ,0.400, 0.400, 0.831, -0.000, 0.000 
00252 ,0.400, 0.400, 0.835, -0.000, 0.000 
00253 ,0.400, 0.400, 0.839, -0.000, 0.000 
00254 ,0.400, 0.400, 0.843, -0.000, 0.000 
00255 ,0.395, 0.395, 0.847, -0.000, 0.000 
00256 ,0.390, 0.390, 0.851, -0.000, 0.000 
00257 ,0.385, 0.385, 0.855, -0.000, 0.000 
00258 ,0.380, 0.380, 0.859, -0.000, 0.000 
00259 ,0.375, 0.375, 0.862, -0.000, 0.000 
00260 ,0.370, 0.370, 0.866, -0.000, 0.000 
00261 ,0.365, 0.365, 0.870, -0.000, 0.000 
00262 ,0.360, 0.360, 0.873, -0.000, -0.000 
00263 ,0.355, 0.355, 0.877, -0.000, 0.000 
00264 ,0.350, 0.350, 0.881, -0.000, -0.001 
00265 ,0.345, 0.345, 0.884, -0.000, -0.001 
00266 ,0.340, 0.340, 0.887, -0.000, -0.001 
00267 ,0.335, 0.335, 0.891, -0.000, -0.001 
00268 ,0.330, 0.330, 0.894, -0.000, -0.001 
00269 ,0.325, 0.325, 0.897, -0.000, -0.001 
00270 ,0.320, 0.320, 0.901, -0.000, -0.000 
00271 ,0.315, 0.315, 0.904, -0.000, -0.000 
00272 ,0.309, 0.311, 0.907, -0.000, 0.000 
00273 ,0.304, 0.306, 0.910, -0.000, 0.000 
00274 ,0.299, 0.301, 0.913, -0.000, 0.000 
00275 ,0.295, 0.295, 0.916, -0.000, 0.000 
00276 ,0.290, 0.290, 0.919, -0.000, 0.001 
00277 ,0.285, 0.285, 0.922, -0.000, 0.001 
00278 ,0.280, 0.280, 0.925, -0.000, 0.001 
00279 ,0.275, 0.275, 0.927, -0.000, 0.001 
00280 ,0.270, 0.270, 0.930, -0.000, 0.002 
00281 ,0.265, 0.265, 0.933, -0.000, 0.002 
00282 ,0.260, 0.260, 0.935, -0.000, 0.002 
00283 ,0.255, 0.255, 0.938, -0.000, 0.002 
00284 ,0.251, 0.249, 0.941, -0.000, 0.002 
00285 ,0.246, 0.244, 0.943, -0.000, 0.002 
00286 ,0.241, 0.239, 0.945, -0.000, 0.001 
00287 ,0.236, 0.234, 0.948, 0.000, 0.002 
00288 ,0.231, 0.229, 0.950, 0.000, 0.001 
00289 ,0.226, 0.224, 0.952, 0.000, 0.001 
00290 ,0.221, 0.219, 0.955, 0.000, 0.000 
00291 ,0.216, 0.214, 0.957, 0.000, 0.000 
00292 ,0.211, 0.209, 0.959, 0.000, 0.000 
00293 ,0.206, 0.204, 0.961, 0.000, 0.000 
00294 ,0.201, 0.199, 0.963, 0.000, -0.000 
00295 ,0.196, 0.194, 0.965, 0.000, 0.000 
00296 ,0.191, 0.189, 0.967, 0.000, -0.000 
00297 ,0.186, 0.184, 0.969, 0.000, -0.001 
00298 ,0.181, 0.179, 0.971, 0.000, -0.001 
00299 ,0.176, 0.174, 0.972, 0.000, -0.001 
00300 ,0.171, 0.169, 0.974, -0.000, -0.002 
00301 ,0.166, 0.164, 0.976, -0.000, -0.002 
00302 ,0.161, 0.159, 0.977, -0.000, -0.002 
00303 ,0.156, 0.154, 0.979, -0.000, -0.002 
00304 ,0.150, 0.150, 0.981, -0.000, -0.002 
00305 ,0.145, 0.145, 0.982, -0.000, -0.002 
00306 ,0.140, 0.140, 0.983, -0.000, -0.003 
00307 ,0.135, 0.135, 0.985, -0.000, -0.003 
00308 ,0.129, 0.131, 0.986, -0.000, -0.002 
00309 ,0.124, 0.126, 0.987, -0.000, -0.002 
00310 ,0.119, 0.121, 0.989, -0.000, -0.002 
00311 ,0.114, 0.116, 0.990, -0.000, -0.002 
00312 ,0.109, 0.111, 0.991, -0.000, -0.002 
00313 ,0.104, 0.106, 0.992, -0.000, -0.001 
00314 ,0.099, 0.101, 0.993, -0.000, -0.001 
00315 ,0.093, 0.097, 0.994, -0.000, -0.001 
00316 ,0.088, 0.092, 0.995, -0.000, -0.001 
00317 ,0.083, 0.087, 0.996, -0.000, -0.000 
00318 ,0.078, 0.082, 0.997, -0.000, -0.000 
00319 ,0.073, 0.077, 0.997, -0.000, -0.000 
00320 ,0.068, 0.072, 0.998, -0.000, 0.000 
00321 ,0.063, 0.067, 0.999, -0.000, 0.000 
00322 ,0.058, 0.062, 0.999, -0.000, 0.000 
00323 ,0.053, 0.057, 1.000, -0.000, 0.000 
00324 ,0.000, 0.000, 1.001, -0.000, 0.001 
00000 ,0.000, 0.000, 1.001, -0.000, 0.001 
00001 ,0.005, -0.005, 1.001, -0.000, 0.001 
00002 ,0.010, -0.010, 1.001, -0.000, 0.001 
00003 ,0.015, -0.015, 1.001, -0.000, 0.001 
00004 ,0.020, -0.020, 1.001, -0.000, 0.000 
00005 ,0.025, -0.025, 1.001, -0.000, -0.000 
00006 ,0.030, -0.030, 1.001, -0.000, -0.002 
00007 ,0.035, -0.035, 1.001, -0.000, -0.003 
00008 ,0.040, -0.040, 1.001, -0.000, -0.006 
00009 ,0.045, -0.045, 1.001, -0.000, -0.008 
00010 ,0.050, -0.050, 1.001, -0.000, -0.011 
00011 ,0.055, -0.055, 1.001, -0.000, -0.014 
00012 ,0.060, -0.060, 1.001, -0.000, -0.018 
00013 ,0.065, -0.065, 1.001, -0.000, -0.022 
00014 ,0.070, -0.070, 1.001, -0.000, -0.026 
00015 ,0.075, -0.075, 1.001, -0.000, -0.030 
00016 ,0.080, -0.080, 1.001, -0.000, -0.035 
00017 ,0.085, -0.085, 1.001, -0.000, -0.040 
00018 ,0.090, -0.090, 1.001, -0.000, -0.046 
00019 ,0.095, -0.095, 1.001, -0.000, -0.053 
00020 ,0.100, -0.100, 1.001, -0.000, -0.059 
00021 ,0.105, -0.105, 1.001, -0.000, -0.067 
00022 ,0.110, -0.110, 1.001, -0.000, -0.074 
00023 ,0.115, -0.115, 1.001, -0.000, -0.082 
00024 ,0.120, -0.120, 1.001, -0.000, -0.090 
00025 ,0.125, -0.125, 1.001, -0.000, -0.099 
00026 ,0.130, -0.130, 1.001, -0.000, -0.108 
00027 ,0.135, -0.135, 1.001, -0.000, -0.117 
00028 ,0.140, -0.140, 1.001, -0.000, -0.127 
00029 ,0.145, -0.145, 1.001, -0.000, -0.137 
00030 ,0.150, -0.150, 1.001, -0.000, -0.148 
00031 ,0.155, -0.155, 1.001, -0.000, -0.159 
00032 ,0.160, -0.160, 1.001, -0.000, -0.170 
00033 ,0.165, -0.165, 1.001, -0.000, -0.182 
00034 ,0.170, -0.170, 1.001, -0.000, -0.194 
00035 ,0.175, -0.175, 1.001, -0.000, -0.206 
00036 ,0.180, -0.180, 1.001, -0.000, -0.219 
00037 ,0.185, -0.185, 1.001, -0.000, -0.232 
00038 ,0.190, -0.190, 1.001, -0.000, -0.247 
00039 ,0.195, -0.195, 1.001, -0.000, -0.260 
00040 ,0.200, -0.200, 1.001, -0.000, -0.275 
00041 ,0.200, -0.200, 1.001, -0.000, -0.290 
00042 ,0.200, -0.200, 1.001, -0.000, -0.305 
00043 ,0.200, -0.200, 1.001, -0.000, -0.320 
00044 ,0.200, -0.200, 1.001, -0.000, -0.336 
00045 ,0.200, -0.200, 1.001, -0.000, -0.351 
00046 ,0.200, -0.200, 1.001, -0.000, -0.366 
00047 ,0.200, -0.200, 1.001, -0.000, -0.382 
00048 ,0.200, -0.200, 1.001, -0.000, -0.397 
00049 ,0.200, -0.200, 1.001, -0.000, -0.413 
00050 ,0.200, -0.200, 1.001, -0.000, -0.428 
00051 ,0.200, -0.200, 1.001, -0.000, -0.443 
00052 ,0.200, -0.200, 1.001, -0.000, -0.459 
00053 ,0.200, -0.200, 1.001, -0.000, -0.474 
00054 ,0.200, -0.200, 1.001, -0.000, -0.489 
00055 ,0.200, -0.200, 1.001, -0.000, -0.505 
00056 ,0.200, -0.200, 1.001, -0.000, -0.520 
00057 ,0.200, -0.200, 1.001, -0.000, -0.536 
00058 ,0.200, -0.200, 1.001, -0.000, -0.551 
00059 ,0.200, -0.200, 1.001, -0.000, -0.567 
00060 ,0.200, -0.200, 1.001, -0.000, -0.582 
00061 ,0.200, -0.200, 1.001, -0.000, -0.597 
00062 ,0.200, -0.200, 1.001, -0.000, -0.613 
00063 ,0.200, -0.200, 1.001, -0.000, -0.628 
00064 ,0.200, -0.200, 1.001, -0.000, -0.643 
00065 ,0.200, -0.200, 1.001, -0.000, -0.659 
00066 ,0.200, -0.200, 1.001, -0.000, -0.674 
00067 ,0.200, -0.200, 1.001, -0.000, -0.690 
00068 ,0.200, -0.200, 1.001, -0.000, -0.720 
00069 ,0.200, -0.200, 1.001, -0.000, -0.736 
00070 ,0.200, -0.200, 1.001, -0.000, -0.751 
00071 ,0.200, -0.200, 1.001, -0.000, -0.766 
00072 ,0.200, -0.200, 1.001, -0.000, -0.782 
00073 ,0.200, -0.200, 1.001, -0.000, -0.797 
00074 ,0.200, -0.200, 1.001, -0.000, -0.812 
00075 ,0.200, -0.200, 1.001, -0.000, -0.828 
00076 ,0.200, -0.200, 1.001, -0.000, -0.843 
00077 ,0.200, -0.200, 1.001, -0.000, -0.859 
00078 ,0.200, -0.200, 1.001, -0.000, -0.874 
00079 ,0.200, -0.200, 1.001, -0.000, -0.890 
00080 ,0.200, -0.200, 1.001, -0.000, -0.905 
00081 ,0.200, -0.200, 1.001, -0.000, -0.920 
00082 ,0.200, -0.200, 1.001, -0.000, -0.935 
00083 ,0.200, -0.200, 1.001, -0.000, -0.951 
00084 ,0.200, -0.200, 1.001, -0.000, -0.967 
00085 ,0.200, -0.200, 1.001, -0.000, -0.982 
00086 ,0.200, -0.200, 1.001, -0.000, -0.997 
00087 ,0.200, -0.200, 1.001, -0.000, -1.013 
00088 ,0.200, -0.200, 1.001, -0.000, -1.028 
00089 ,0.200, -0.200, 1.001, -0.000, -1.043 
00090 ,0.200, -0.200, 1.001, -0.000, -1.059 
00091 ,0.200, -0.200, 1.001, -0.000, -1.074 
00092 ,0.200, -0.200, 1.001, -0.000, -1.089 
00093 ,0.200, -0.200, 1.001, -0.000, -1.105 
00094 ,0.200, -0.200, 1.001, -0.000, -1.120 
00095 ,0.200, -0.200, 1.001, -0.000, -1.136 
00096 ,0.200, -0.200, 1.001, -0.000, -1.151 
00097 ,0.200, -0.200, 1.001, -0.000, -1.166 
00098 ,0.200, -0.200, 1.001, -0.000, -1.182 
00099 ,0.200, -0.200, 1.001, -0.000, -1.197 
00100 ,0.200, -0.200, 1.001, -0.000, -1.213 
00101 ,0.200, -0.200, 1.001, -0.000, -1.228 
00102 ,0.200, -0.200, 1.001, -0.000, -1.244 
00103 ,0.200, -0.200, 1.001, -0.000, -1.259 
00104 ,0.195, -0.195, 1.001, -0.000, -1.274 
00105 ,0.190, -0.190, 1.001, -0.000, -1.289 
00106 ,0.185, -0.185, 1.001, -0.000, -1.304 
00107 ,0.180, -0.180, 1.001, -0.000, -1.319 
00108 ,0.175, -0.175, 1.001, -0.000, -1.333 
00109 ,0.170, -0.170, 1.001, -0.000, -1.346 
00110 ,0.165, -0.165, 1.001, -0.000, -1.359 
00111 ,0.160, -0.160, 1.001, -0.000, -1.373 
00112 ,0.155, -0.155, 1.001, -0.000, -1.385 
00113 ,0.150, -0.150, 1.001, -0.000, -1.396 
00114 ,0.145, -0.145, 1.001, -0.000, -1.408 
00115 ,0.140, -0.140, 1.001, -0.000, -1.419 
00116 ,0.135, -0.135, 1.001, -0.000, -1.430 
00117 ,0.130, -0.130, 1.001, -0.000, -1.439 
00118 ,0.125, -0.125, 1.001, -0.000, -1.450 
00119 ,0.120, -0.120, 1.001, -0.000, -1.459 
00120 ,0.115, -0.115, 1.001, -0.000, -1.468 
00121 ,0.110, -0.110, 1.001, -0.000, -1.476 
00122 ,0.105, -0.105, 1.001, -0.000, -1.485 
00123 ,0.100, -0.100, 1.001, -0.000, -1.493 
00124 ,0.095, -0.095, 1.001, -0.000, -1.500 
00125 ,0.090, -0.090, 1.001, -0.000, -1.507 
00126 ,0.085, -0.085, 1.001, -0.000, -1.514 
00127 ,0.080, -0.080, 1.001, -0.000, -1.520 
00128 ,0.075, -0.075, 1.001, -0.000, -1.526 
00129 ,0.070, -0.070, 1.001, -0.000, -1.532 
00130 ,0.065, -0.065, 1.001, -0.000, -1.537 
00131 ,0.060, -0.060, 1.001, -0.000, -1.542 
00132 ,0.065, -0.065, 1.001, -0.000, -1.546 
00133 ,0.060, -0.060, 1.001, -0.000, -1.550 
00134 ,0.055, -0.055, 1.001, -0.000, -1.555 
00135 ,0.050, -0.050, 1.001, -0.000, -1.559 
00136 ,0.045, -0.045, 1.001, -0.000, -1.563 
00137 ,0.040, -0.040, 1.001, -0.000, -1.566 
00138 ,0.035, -0.035, 1.001, -0.000, -1.569 
00139 ,0.030, -0.030, 1.001, -0.000, -1.571 
00140 ,0.025, -0.025, 1.001, -0.000, -1.573 
00141 ,0.020, -0.020, 1.001, -0.000, -1.575 
00142 ,0.000, 0.000, 1.001, -0.000, -1.577 
00000 ,0.000, 0.000, 1.001, -0.000, -1.577 
00001 ,0.004, 0.006, 1.001, -0.000, -1.577 
00002 ,0.009, 0.011, 1.001, -0.000, -1.577 
00003 ,0.013, 0.017, 1.001, -0.000, -1.577 
00004 ,0.018, 0.022, 1.001, -0.000, -1.577 
00005 ,0.022, 0.028, 1.001, -0.000, -1.577 
00006 ,0.026, 0.034, 1.001, -0.000, -1.577 
00007 ,0.031, 0.039, 1.001, -0.000, -1.577 
00008 ,0.035, 0.045, 1.001, -0.001, -1.577 
00009 ,0.040, 0.050, 1.001, -0.001, -1.576 
00010 ,0.044, 0.056, 1.001, -0.001, -1.576 
00011 ,0.049, 0.061, 1.001, -0.002, -1.575 
00012 ,0.053, 0.067, 1.001, -0.002, -1.575 
00013 ,0.058, 0.072, 1.001, -0.002, -1.574 
00014 ,0.062, 0.078, 1.001, -0.003, -1.574 
00015 ,0.067, 0.083, 1.001, -0.004, -1.573 
00016 ,0.072, 0.088, 1.001, -0.005, -1.572 
00017 ,0.077, 0.093, 1.001, -0.005, -1.571 
00018 ,0.081, 0.099, 1.001, -0.006, -1.571 
00019 ,0.086, 0.104, 1.001, -0.007, -1.570 
00020 ,0.091, 0.109, 1.001, -0.008, -1.570 
00021 ,0.096, 0.114, 1.001, -0.009, -1.569 
00022 ,0.101, 0.119, 1.001, -0.010, -1.569 
00023 ,0.107, 0.123, 1.001, -0.011, -1.568 
00024 ,0.112, 0.128, 1.001, -0.012, -1.568 
00025 ,0.117, 0.133, 1.001, -0.013, -1.567 
00026 ,0.122, 0.138, 1.001, -0.015, -1.565 
00027 ,0.128, 0.142, 1.001, -0.016, -1.565 
00028 ,0.133, 0.147, 1.001, -0.017, -1.564 
00029 ,0.138, 0.152, 1.001, -0.019, -1.564 
00030 ,0.144, 0.156, 1.001, -0.020, -1.563 
00031 ,0.150, 0.160, 1.001, -0.021, -1.563 
00032 ,0.155, 0.165, 1.001, -0.023, -1.562 
00033 ,0.161, 0.169, 1.001, -0.024, -1.562 
00034 ,0.167, 0.173, 1.001, -0.026, -1.561 
00035 ,0.172, 0.178, 1.001, -0.027, -1.561 
00036 ,0.178, 0.182, 1.001, -0.029, -1.561 
00037 ,0.184, 0.186, 1.001, -0.031, -1.560 
00038 ,0.190, 0.190, 1.001, -0.032, -1.560 
00039 ,0.196, 0.194, 1.001, -0.034, -1.560 
00040 ,0.201, 0.199, 1.001, -0.036, -1.560 
00041 ,0.207, 0.203, 1.001, -0.038, -1.560 
00042 ,0.213, 0.207, 1.001, -0.040, -1.560 
00043 ,0.219, 0.211, 1.001, -0.042, -1.560 
00044 ,0.225, 0.215, 1.001, -0.044, -1.561 
00045 ,0.231, 0.219, 1.001, -0.046, -1.561 
00046 ,0.236, 0.224, 1.001, -0.048, -1.561 
00047 ,0.242, 0.228, 1.001, -0.050, -1.562 
00048 ,0.248, 0.232, 1.001, -0.052, -1.562 
00049 ,0.253, 0.237, 1.001, -0.055, -1.563 
00050 ,0.259, 0.241, 1.001, -0.057, -1.563 
00051 ,0.265, 0.245, 1.002, -0.059, -1.564 
00052 ,0.270, 0.250, 1.002, -0.062, -1.565 
00053 ,0.276, 0.254, 1.002, -0.064, -1.565 
00054 ,0.281, 0.259, 1.002, -0.067, -1.566 
00055 ,0.286, 0.264, 1.002, -0.069, -1.567 
00056 ,0.292, 0.268, 1.002, -0.072, -1.568 
00057 ,0.297, 0.273, 1.002, -0.075, -1.569 
00058 ,0.302, 0.278, 1.002, -0.077, -1.570 
00059 ,0.307, 0.283, 1.002, -0.080, -1.571 
00060 ,0.312, 0.288, 1.002, -0.083, -1.572 
00061 ,0.316, 0.294, 1.002, -0.086, -1.573 
00062 ,0.321, 0.299, 1.002, -0.089, -1.574 
00063 ,0.326, 0.304, 1.002, -0.092, -1.575 
00064 ,0.330, 0.310, 1.002, -0.095, -1.576 
00065 ,0.335, 0.315, 1.002, -0.098, -1.577 
00066 ,0.339, 0.321, 1.001, -0.101, -1.578 
00067 ,0.344, 0.326, 1.001, -0.104, -1.579 
00068 ,0.348, 0.332, 1.001, -0.107, -1.579 
00069 ,0.352, 0.338, 1.001, -0.111, -1.580 
00070 ,0.356, 0.344, 1.001, -0.114, -1.580 
00071 ,0.360, 0.350, 1.001, -0.117, -1.581 
00072 ,0.365, 0.355, 1.001, -0.121, -1.581 
00073 ,0.369, 0.361, 1.001, -0.124, -1.582 
00074 ,0.373, 0.367, 1.001, -0.128, -1.582 
00075 ,0.377, 0.373, 1.001, -0.131, -1.582 
00076 ,0.380, 0.380, 1.001, -0.135, -1.583 
00077 ,0.384, 0.386, 1.001, -0.139, -1.583 
00078 ,0.388, 0.392, 1.001, -0.142, -1.583 
00079 ,0.392, 0.398, 1.001, -0.146, -1.584 
00080 ,0.396, 0.404, 1.001, -0.150, -1.583 
00081 ,0.400, 0.401, 1.001, -0.154, -1.583 
00082 ,0.404, 0.401, 1.001, -0.158, -1.583 
00083 ,0.399, 0.401, 1.001, -0.162, -1.582 
00084 ,0.403, 0.401, 1.001, -0.166, -1.582 
00085 ,0.399, 0.401, 1.001, -0.170, -1.582 
00086 ,0.403, 0.401, 1.001, -0.174, -1.582 
00087 ,0.399, 0.401, 1.001, -0.177, -1.582 
00088 ,0.403, 0.401, 1.001, -0.181, -1.582 
00089 ,0.399, 0.401, 1.001, -0.185, -1.581 
00090 ,0.403, 0.401, 1.001, -0.189, -1.581 
00091 ,0.399, 0.401, 1.000, -0.193, -1.581 
00092 ,0.403, 0.401, 1.000, -0.197, -1.581 
00093 ,0.399, 0.401, 1.000, -0.201, -1.580 
00094 ,0.403, 0.401, 1.000, -0.205, -1.580 
00095 ,0.399, 0.401, 1.000, -0.209, -1.580 
00096 ,0.403, 0.401, 1.000, -0.213, -1.580 
00097 ,0.399, 0.401, 1.000, -0.217, -1.580 
00098 ,0.403, 0.401, 1.000, -0.221, -1.580 
00099 ,0.399, 0.401, 1.000, -0.225, -1.579 
00100 ,0.403, 0.401, 1.000, -0.229, -1.579 
00101 ,0.399, 0.401, 1.000, -0.233, -1.579 
00102 ,0.403, 0.401, 1.000, -0.237, -1.579 
00103 ,0.399, 0.401, 1.000, -0.241, -1.578 
00104 ,0.404, 0.401, 1.000, -0.245, -1.578 
00105 ,0.399, 0.401, 1.000, -0.249, -1.578 
00106 ,0.404, 0.401, 1.000, -0.253, -1.578 
00107 ,0.399, 0.401, 1.000, -0.256, -1.578 
00108 ,0.404, 0.401, 1.000, -0.260, -1.578 
00109 ,0.399, 0.401, 1.000, -0.264, -1.577 
00110 ,0.404, 0.401, 1.000, -0.268, -1.577 
00111 ,0.399, 0.401, 1.000, -0.272, -1.577 
00112 ,0.404, 0.401, 1.000, -0.276, -1.577 
00113 ,0.399, 0.401, 1.000, -0.280, -1.577 
00114 ,0.404, 0.401, 1.000, -0.284, -1.577 
00115 ,0.399, 0.401, 1.000, -0.288, -1.576 
00116 ,0.404, 0.400, 1.000, -0.292, -1.576 
00117 ,0.400, 0.400, 1.000, -0.296, -1.576 
00118 ,0.404, 0.400, 1.000, -0.300, -1.576 
00119 ,0.400, 0.400, 1.000, -0.304, -1.575 
00120 ,0.404, 0.400, 1.000, -0.308, -1.575 
00121 ,0.400, 0.400, 1.000, -0.312, -1.575 
00122 ,0.404, 0.400, 1.000, -0.316, -1.575 
00123 ,0.400, 0.400, 1.000, -0.320, -1.575 
00124 ,0.404, 0.400, 1.000, -0.324, -1.575 
00125 ,0.400, 0.400, 1.000, -0.328, -1.574 
00126 ,0.404, 0.400, 1.000, -0.332, -1.574 
00127 ,0.400, 0.400, 1.000, -0.335, -1.574 
00128 ,0.404, 0.400, 1.000, -0.339, -1.574 
00129 ,0.400, 0.400, 1.000, -0.343, -1.573 
00130 ,0.404, 0.400, 1.000, -0.347, -1.573 
00131 ,0.400, 0.400, 1.000, -0.351, -1.573 
00132 ,0.404, 0.400, 1.000, -0.355, -1.573 
00133 ,0.400, 0.400, 1.000, -0.359, -1.573 
00134 ,0.405, 0.400, 1.000, -0.363, -1.573 
00135 ,0.400, 0.400, 1.000, -0.367, -1.572 
00136 ,0.405, 0.400, 0.999, -0.371, -1.572 
00137 ,0.400, 0.400, 0.999, -0.375, -1.572 
00138 ,0.405, 0.400, 0.999, -0.379, -1.572 
00139 ,0.400, 0.400, 0.999, -0.383, -1.571 
00140 ,0.405, 0.400, 0.999, -0.387, -1.571 
00141 ,0.400, 0.400, 0.999, -0.391, -1.571 
00142 ,0.405, 0.400, 0.999, -0.395, -1.571 
00143 ,0.400, 0.400, 0.999, -0.399, -1.571 
00144 ,0.405, 0.400, 0.999, -0.403, -1.571 
00145 ,0.400, 0.400, 0.999, -0.407, -1.570 
00146 ,0.405, 0.400, 0.999, -0.411, -1.570 
00147 ,0.400, 0.400, 0.999, -0.414, -1.570 
00148 ,0.400, 0.405, 0.999, -0.418, -1.570 
00149 ,0.400, 0.400, 1.000, -0.422, -1.569 
00150 ,0.400, 0.405, 1.000, -0.426, -1.569 
00151 ,0.400, 0.400, 1.000, -0.430, -1.570 
00152 ,0.400, 0.405, 1.000, -0.434, -1.570 
00153 ,0.405, 0.400, 1.000, -0.438, -1.570 
00154 ,0.400, 0.400, 1.000, -0.442, -1.570 
00155 ,0.405, 0.400, 1.000, -0.446, -1.570 
00156 ,0.400, 0.405, 1.000, -0.450, -1.569 
00157 ,0.400, 0.400, 1.000, -0.454, -1.569 
00158 ,0.400, 0.405, 1.000, -0.458, -1.569 
00159 ,0.400, 0.400, 1.000, -0.462, -1.570 
00160 ,0.400, 0.405, 1.000, -0.466, -1.570 
00161 ,0.400, 0.400, 1.000, -0.470, -1.571 
00162 ,0.405, 0.400, 1.000, -0.474, -1.571 
00163 ,0.400, 0.400, 1.000, -0.478, -1.571 
00164 ,0.405, 0.400, 1.000, -0.482, -1.571 
00165 ,0.400, 0.400, 1.000, -0.486, -1.570 
00166 ,0.405, 0.400, 1.000, -0.490, -1.570 
00167 ,0.400, 0.400, 1.000, -0.493, -1.570 
00168 ,0.400, 0.405, 1.000, -0.497, -1.570 
00169 ,0.400, 0.400, 1.000, -0.501, -1.569 
00170 ,0.400, 0.405, 1.000, -0.505, -1.569 
00171 ,0.400, 0.400, 1.000, -0.509, -1.570 
00172 ,0.400, 0.405, 1.000, -0.513, -1.570 
00173 ,0.405, 0.400, 1.000, -0.517, -1.570 
00174 ,0.400, 0.400, 1.000, -0.521, -1.570 
00175 ,0.400, 0.405, 1.000, -0.525, -1.570 
00176 ,0.400, 0.400, 1.000, -0.529, -1.569 
00177 ,0.400, 0.405, 1.000, -0.533, -1.569 
00178 ,0.400, 0.400, 1.000, -0.537, -1.570 
00179 ,0.400, 0.405, 1.000, -0.541, -1.570 
00180 ,0.400, 0.400, 1.000, -0.545, -1.571 
00181 ,0.405, 0.400, 1.000, -0.549, -1.571 
00182 ,0.400, 0.400, 1.000, -0.553, -1.571 
00183 ,0.405, 0.400, 1.000, -0.557, -1.571 
00184 ,0.400, 0.400, 1.000, -0.561, -1.570 
00185 ,0.405, 0.400, 1.000, -0.565, -1.570 
00186 ,0.400, 0.400, 1.000, -0.568, -1.570 
00187 ,0.400, 0.405, 1.000, -0.572, -1.570 
00188 ,0.400, 0.400, 1.000, -0.576, -1.569 
00189 ,0.400, 0.405, 1.000, -0.580, -1.569 
00190 ,0.400, 0.400, 1.000, -0.584, -1.569 
00191 ,0.400, 0.405, 1.000, -0.588, -1.569 
00192 ,0.400, 0.400, 1.000, -0.592, -1.569 
00193 ,0.400, 0.405, 1.000, -0.596, -1.569 
00194 ,0.400, 0.400, 1.000, -0.600, -1.570 
00195 ,0.400, 0.405, 1.000, -0.604, -1.570 
00196 ,0.400, 0.400, 1.000, -0.608, -1.571 
00197 ,0.405, 0.400, 1.000, -0.612, -1.571 
00198 ,0.400, 0.400, 1.000, -0.616, -1.571 
00199 ,0.405, 0.400, 1.000, -0.620, -1.571 
00200 ,0.400, 0.400, 1.000, -0.624, -1.570 
00201 ,0.405, 0.400, 1.000, -0.628, -1.570 
00202 ,0.400, 0.400, 1.000, -0.632, -1.570 
00203 ,0.400, 0.405, 1.000, -0.636, -1.570 
00204 ,0.400, 0.400, 1.000, -0.640, -1.569 
00205 ,0.400, 0.405, 1.000, -0.644, -1.569 
00206 ,0.400, 0.400, 1.000, -0.647, -1.570 
00207 ,0.400, 0.405, 1.000, -0.651, -1.570 
00208 ,0.405, 0.400, 1.000, -0.655, -1.570 
00209 ,0.400, 0.400, 1.000, -0.659, -1.570 
00210 ,0.400, 0.405, 1.000, -0.663, -1.570 
00211 ,0.400, 0.400, 1.000, -0.667, -1.569 
00212 ,0.400, 0.405, 1.000, -0.671, -1.569 
00213 ,0.400, 0.400, 1.000, -0.675, -1.570 
00214 ,0.400, 0.405, 1.000, -0.679, -1.570 
00215 ,0.400, 0.400, 1.000, -0.683, -1.571 
00216 ,0.405, 0.400, 1.000, -0.687, -1.571 
00217 ,0.400, 0.400, 1.000, -0.691, -1.571 
00218 ,0.405, 0.400, 1.000, -0.695, -1.571 
00219 ,0.400, 0.400, 1.000, -0.699, -1.570 
00220 ,0.405, 0.400, 1.000, -0.703, -1.570 
00221 ,0.400, 0.400, 1.000, -0.707, -1.570 
00222 ,0.400, 0.405, 1.000, -0.711, -1.570 
00223 ,0.400, 0.400, 1.000, -0.715, -1.569 
00224 ,0.400, 0.405, 1.000, -0.719, -1.569 
00225 ,0.400, 0.400, 1.000, -0.722, -1.570 
00226 ,0.400, 0.405, 1.000, -0.726, -1.570 
00227 ,0.405, 0.400, 1.000, -0.730, -1.570 
00228 ,0.400, 0.400, 1.000, -0.734, -1.570 
00229 ,0.400, 0.405, 1.000, -0.738, -1.570 
00230 ,0.400, 0.400, 1.000, -0.742, -1.569 
00231 ,0.400, 0.405, 1.000, -0.746, -1.569 
00232 ,0.400, 0.400, 1.000, -0.750, -1.570 
00233 ,0.400, 0.405, 1.000, -0.754, -1.570 
00234 ,0.400, 0.400, 1.000, -0.758, -1.571 
00235 ,0.405, 0.400, 1.000, -0.762, -1.570 
00236 ,0.400, 0.400, 1.000, -0.766, -1.571 
00237 ,0.405, 0.400, 1.000, -0.770, -1.571 
00238 ,0.400, 0.400, 1.000, -0.774, -1.570 
00239 ,0.405, 0.400, 1.000, -0.778, -1.570 
00240 ,0.400, 0.400, 1.000, -0.782, -1.570 
00241 ,0.400, 0.405, 1.000, -0.786, -1.570 
00242 ,0.400, 0.400, 1.000, -0.790, -1.569 
00243 ,0.400, 0.405, 1.000, -0.794, -1.569 
00244 ,0.400, 0.400, 1.000, -0.797, -1.569 
00245 ,0.400, 0.405, 1.000, -0.801, -1.569 
00246 ,0.400, 0.400, 1.000, -0.805, -1.569 
00247 ,0.400, 0.405, 1.000, -0.809, -1.569 
00248 ,0.400, 0.400, 1.000, -0.813, -1.570 
00249 ,0.400, 0.405, 1.000, -0.817, -1.570 
00250 ,0.400, 0.400, 1.000, -0.821, -1.571 
00251 ,0.405, 0.400, 1.000, -0.825, -1.571 
00252 ,0.400, 0.400, 1.000, -0.829, -1.571 
00253 ,0.405, 0.400, 1.000, -0.833, -1.571 
00254 ,0.400, 0.400, 1.000, -0.837, -1.570 
00255 ,0.405, 0.400, 1.000, -0.841, -1.570 
00256 ,0.400, 0.395, 1.000, -0.845, -1.570 
00257 ,0.395, 0.390, 1.000, -0.849, -1.570 
00258 ,0.390, 0.385, 1.000, -0.853, -1.570 
00259 ,0.385, 0.380, 1.000, -0.857, -1.570 
00260 ,0.380, 0.375, 1.000, -0.860, -1.570 
00261 ,0.375, 0.370, 1.000, -0.864, -1.570 
00262 ,0.370, 0.365, 1.000, -0.868, -1.570 
00263 ,0.365, 0.360, 1.000, -0.872, -1.570 
00264 ,0.360, 0.355, 1.000, -0.875, -1.571 
00265 ,0.355, 0.350, 1.000, -0.879, -1.570 
00266 ,0.350, 0.345, 1.000, -0.882, -1.570 
00267 ,0.345, 0.340, 1.000, -0.886, -1.570 
00268 ,0.340, 0.335, 1.000, -0.889, -1.570 
00269 ,0.335, 0.330, 1.000, -0.893, -1.570 
00270 ,0.330, 0.325, 1.000, -0.896, -1.571 
00271 ,0.325, 0.320, 1.000, -0.899, -1.570 
00272 ,0.320, 0.315, 1.000, -0.902, -1.570 
00273 ,0.315, 0.310, 1.000, -0.906, -1.570 
00274 ,0.310, 0.305, 1.000, -0.909, -1.571 
00275 ,0.305, 0.300, 1.000, -0.912, -1.570 
00276 ,0.300, 0.295, 1.000, -0.915, -1.570 
00277 ,0.295, 0.290, 1.000, -0.918, -1.570 
00278 ,0.290, 0.285, 1.000, -0.921, -1.570 
00279 ,0.285, 0.280, 1.000, -0.924, -1.570 
00280 ,0.280, 0.275, 1.000, -0.926, -1.570 
00281 ,0.275, 0.270, 1.000, -0.929, -1.570 
00282 ,0.269, 0.265, 1.000, -0.932, -1.570 
00283 ,0.264, 0.260, 1.000, -0.935, -1.570 
00284 ,0.259, 0.255, 1.000, -0.937, -1.570 
00285 ,0.254, 0.251, 1.000, -0.940, -1.570 
00286 ,0.249, 0.246, 1.000, -0.942, -1.571 
00287 ,0.244, 0.241, 1.000, -0.945, -1.570 
00288 ,0.239, 0.236, 1.000, -0.947, -1.570 
00289 ,0.234, 0.231, 1.000, -0.950, -1.570 
00290 ,0.229, 0.226, 1.000, -0.952, -1.570 
00291 ,0.224, 0.221, 1.000, -0.954, -1.570 
00292 ,0.219, 0.216, 1.000, -0.956, -1.570 
00293 ,0.214, 0.211, 1.000, -0.959, -1.571 
00294 ,0.209, 0.206, 1.000, -0.961, -1.570 
00295 ,0.204, 0.201, 1.000, -0.963, -1.571 
00296 ,0.199, 0.196, 1.000, -0.965, -1.570 
00297 ,0.194, 0.191, 1.000, -0.967, -1.570 
00298 ,0.189, 0.186, 1.000, -0.969, -1.570 
00299 ,0.184, 0.181, 1.000, -0.971, -1.570 
00300 ,0.179, 0.176, 1.000, -0.972, -1.570 
00301 ,0.174, 0.171, 1.000, -0.974, -1.570 
00302 ,0.169, 0.166, 1.000, -0.976, -1.571 
00303 ,0.164, 0.161, 1.000, -0.978, -1.570 
00304 ,0.159, 0.156, 1.000, -0.979, -1.570 
00305 ,0.154, 0.151, 1.000, -0.981, -1.570 
00306 ,0.149, 0.146, 1.000, -0.982, -1.570 
00307 ,0.144, 0.141, 1.000, -0.984, -1.571 
00308 ,0.139, 0.136, 1.000, -0.985, -1.570 
00309 ,0.134, 0.131, 1.000, -0.987, -1.570 
00310 ,0.129, 0.126, 1.000, -0.988, -1.571 
00311 ,0.124, 0.121, 1.000, -0.989, -1.570 
00312 ,0.119, 0.116, 1.000, -0.990, -1.570 
00313 ,0.114, 0.111, 1.000, -0.992, -1.570 
00314 ,0.109, 0.106, 1.000, -0.993, -1.571 
00315 ,0.104, 0.101, 1.000, -0.994, -1.570 
00316 ,0.099, 0.096, 1.000, -0.995, -1.570 
00317 ,0.094, 0.091, 1.000, -0.996, -1.570 
00318 ,0.089, 0.086, 1.000, -0.997, -1.571 
00319 ,0.084, 0.081, 1.000, -0.998, -1.570 
00320 ,0.079, 0.076, 1.000, -0.998, -1.570 
00321 ,0.074, 0.071, 1.000, -0.999, -1.570 
00322 ,0.069, 0.066, 1.000, -1.000, -1.570 
00323 ,0.064, 0.061, 1.000, -1.001, -1.571 
00324 ,0.000, 0.000, 1.000, -1.001, -1.570 
00000 ,0.000, 0.000, 1.000, -1.002, -1.570 
00001 ,0.005, -0.005, 1.000, -1.002, -1.570 
00002 ,0.010, -0.010, 1.000, -1.002, -1.570 
00003 ,0.015, -0.015, 1.000, -1.002, -1.570 
00004 ,0.020, -0.020, 1.000, -1.002, -1.571 
00005 ,0.025, -0.025, 1.000, -1.002, -1.571 
00006 ,0.030, -0.030, 1.000, -1.002, -1.573 
00007 ,0.035, -0.035, 1.000, -1.002, -1.575 
00008 ,0.040, -0.040, 1.000, -1.002, -1.577 
00009 ,0.045, -0.045, 1.000, -1.002, -1.579 
00010 ,0.050, -0.050, 1.000, -1.002, -1.582 
00011 ,0.055, -0.055, 1.000, -1.002, -1.585 
00012 ,0.060, -0.060, 1.000, -1.002, -1.589 
00013 ,0.065, -0.065, 1.000, -1.002, -1.593 
00014 ,0.070, -0.070, 1.000, -1.002, -1.597 
00015 ,0.075, -0.075, 1.000, -1.002, -1.601 
00016 ,0.080, -0.080, 1.000, -1.002, -1.606 
00017 ,0.085, -0.085, 1.000, -1.002, -1.612 
00018 ,0.090, -0.090, 1.000, -1.002, -1.617 
00019 ,0.095, -0.095, 1.000, -1.002, -1.624 
00020 ,0.100, -0.100, 1.000, -1.002, -1.630 
00021 ,0.105, -0.105, 1.000, -1.002, -1.638 
00022 ,0.110, -0.110, 1.000, -1.002, -1.645 
00023 ,0.115, -0.115, 1.000, -1.002, -1.653 
00024 ,0.120, -0.120, 1.000, -1.002, -1.661 
00025 ,0.125, -0.125, 1.000, -1.002, -1.670 
00026 ,0.130, -0.130, 1.000, -1.002, -1.679 
00027 ,0.135, -0.135, 1.000, -1.002, -1.688 
00028 ,0.140, -0.140, 1.000, -1.002, -1.698 
00029 ,0.145, -0.145, 1.000, -1.002, -1.709 
00030 ,0.150, -0.150, 1.000, -1.002, -1.719 
00031 ,0.155, -0.155, 1.000, -1.002, -1.730 
00032 ,0.160, -0.160, 1.000, -1.002, -1.742 
00033 ,0.165, -0.165, 1.000, -1.002, -1.753 
00034 ,0.170, -0.170, 1.000, -1.002, -1.765 
00035 ,0.175, -0.175, 1.000, -1.002, -1.777 
00036 ,0.180, -0.180, 1.000, -1.002, -1.790 
00037 ,0.185, -0.185, 1.000, -1.002, -1.804 
00038 ,0.190, -0.190, 1.000, -1.002, -1.818 
00039 ,0.195, -0.195, 1.000, -1.002, -1.831 
00040 ,0.200, -0.200, 1.000, -1.002, -1.846 
00041 ,0.200, -0.200, 1.000, -1.002, -1.861 
00042 ,0.200, -0.200, 1.000, -1.002, -1.876 
00043 ,0.200, -0.200, 1.000, -1.002, -1.891 
00044 ,0.200, -0.200, 1.000, -1.002, -1.907 
00045 ,0.200, -0.200, 1.000, -1.002, -1.922 
00046 ,0.200, -0.200, 1.000, -1.002, -1.937 
00047 ,0.200, -0.200, 1.000, -1.002, -1.953 
00048 ,0.200, -0.200, 1.000, -1.002, -1.968 
00049 ,0.200, -0.200, 1.000, -1.002, -1.984 
00050 ,0.200, -0.200, 1.000, -1.002, -1.999 
00051 ,0.200, -0.200, 1.000, -1.002, -2.015 
00052 ,0.200, -0.200, 1.000, -1.002, -2.030 
00053 ,0.200, -0.200, 1.000, -1.002, -2.045 
00054 ,0.200, -0.200, 1.000, -1.002, -2.061 
00055 ,0.200, -0.200, 1.000, -1.002, -2.076 
00056 ,0.200, -0.200, 1.000, -1.002, -2.092 
00057 ,0.200, -0.200, 1.000, -1.002, -2.107 
00058 ,0.200, -0.200, 1.000, -1.002, -2.122 
00059 ,0.200, -0.200, 1.000, -1.002, -2.138 
00060 ,0.200, -0.200, 1.000, -1.002, -2.153 
00061 ,0.200, -0.200, 1.000, -1.002, -2.168 
00062 ,0.200, -0.200, 1.000, -1.002, -2.184 
00063 ,0.200, -0.200, 1.000, -1.002, -2.199 
00064 ,0.200, -0.200, 1.000, -1.002, -2.214 
00065 ,0.200, -0.200, 1.000, -1.002, -2.230 
00066 ,0.200, -0.200, 1.000, -1.002, -2.245 
00067 ,0.200, -0.200, 1.000, -1.002, -2.261 
00068 ,0.200, -0.200, 1.000, -1.002, -2.276 
00069 ,0.200, -0.200, 1.000, -1.002, -2.291 
00070 ,0.200, -0.200, 1.000, -1.002, -2.307 
00071 ,0.200, -0.200, 1.000, -1.002, -2.322 
00072 ,0.200, -0.200, 1.000, -1.002, -2.337 
00073 ,0.200, -0.200, 1.000, -1.002, -2.353 
00074 ,0.200, -0.200, 1.000, -1.002, -2.369 
00075 ,0.200, -0.200, 1.000, -1.002, -2.384 
00076 ,0.200, -0.200, 1.000, -1.002, -2.399 
00077 ,0.200, -0.200, 1.000, -1.002, -2.415 
00078 ,0.200, -0.200, 1.000, -1.002, -2.430 
00079 ,0.200, -0.200, 1.000, -1.002, -2.445 
00080 ,0.200, -0.200, 1.000, -1.002, -2.461 
00081 ,0.200, -0.200, 1.000, -1.002, -2.476 
00082 ,0.200, -0.200, 1.000, -1.002, -2.491 
00083 ,0.200, -0.200, 1.000, -1.002, -2.507 
00084 ,0.200, -0.200, 1.000, -1.002, -2.522 
00085 ,0.200, -0.200, 1.000, -1.002, -2.538 
00086 ,0.200, -0.200, 1.000, -1.002, -2.553 
00087 ,0.200, -0.200, 1.000, -1.002, -2.568 
00088 ,0.200, -0.200, 1.000, -1.002, -2.584 
00089 ,0.200, -0.200, 1.000, -1.002, -2.599 
00090 ,0.200, -0.200, 1.000, -1.002, -2.614 
00091 ,0.200, -0.200, 1.000, -1.002, -2.630 
00092 ,0.200, -0.200, 1.000, -1.002, -2.660 
00093 ,0.200, -0.200, 1.000, -1.002, -2.676 
00094 ,0.200, -0.200, 1.000, -1.002, -2.691 
00095 ,0.200, -0.200, 1.000, -1.002, -2.707 
00096 ,0.200, -0.200, 1.000, -1.002, -2.722 
00097 ,0.200, -0.200, 1.000, -1.002, -2.738 
00098 ,0.200, -0.200, 1.000, -1.002, -2.753 
00099 ,0.200, -0.200, 1.000, -1.002, -2.768 
00100 ,0.200, -0.200, 1.000, -1.002, -2.784 
00101 ,0.200, -0.200, 1.000, -1.002, -2.799 
00102 ,0.200, -0.200, 1.000, -1.002, -2.815 
00103 ,0.200, -0.200, 1.000, -1.002, -2.830 
00104 ,0.195, -0.195, 1.000, -1.002, -2.845 
00105 ,0.190, -0.190, 1.000, -1.002, -2.861 
00106 ,0.185, -0.185, 1.000, -1.002, -2.875 
00107 ,0.180, -0.180, 1.000, -1.002, -2.890 
00108 ,0.175, -0.175, 1.000, -1.002, -2.904 
00109 ,0.170, -0.170, 1.000, -1.002, -2.917 
00110 ,0.165, -0.165, 1.000, -1.002, -2.931 
00111 ,0.160, -0.160, 1.000, -1.002, -2.944 
00112 ,0.155, -0.155, 1.000, -1.002, -2.956 
00113 ,0.150, -0.150, 1.000, -1.002, -2.967 
00114 ,0.145, -0.145, 1.000, -1.002, -2.979 
00115 ,0.140, -0.140, 1.000, -1.002, -2.990 
00116 ,0.135, -0.135, 1.000, -1.002, -3.001 
00117 ,0.130, -0.130, 1.000, -1.002, -3.011 
00118 ,0.125, -0.125, 1.000, -1.002, -3.021 
00119 ,0.120, -0.120, 1.000, -1.002, -3.030 
00120 ,0.115, -0.115, 1.000, -1.002, -3.039 
00121 ,0.110, -0.110, 1.000, -1.002, -3.047 
00122 ,0.105, -0.105, 1.000, -1.002, -3.056 
00123 ,0.100, -0.100, 1.000, -1.002, -3.064 
00124 ,0.095, -0.095, 1.000, -1.002, -3.071 
00125 ,0.090, -0.090, 1.000, -1.002, -3.078 
00126 ,0.085, -0.085, 1.000, -1.002, -3.085 
00127 ,0.080, -0.080, 1.000, -1.002, -3.092 
00128 ,0.075, -0.075, 1.000, -1.002, -3.097 
00129 ,0.070, -0.070, 1.000, -1.002, -3.103 
00130 ,0.065, -0.065, 1.000, -1.002, -3.108 
00131 ,0.060, -0.060, 1.000, -1.002, -3.113 
00132 ,0.065, -0.065, 1.000, -1.002, -3.118 
00133 ,0.060, -0.060, 1.000, -1.002, -3.121 
00134 ,0.055, -0.055, 1.000, -1.002, -3.126 
00135 ,0.050, -0.050, 1.000, -1.002, -3.130 
00136 ,0.045, -0.045, 1.000, -1.002, -3.134 
00137 ,0.040, -0.040, 1.000, -1.002, -3.137 
00138 ,0.035, -0.035, 1.000, -1.002, -3.140 
00139 ,0.030, -0.030, 1.000, -1.002, -3.142 
00140 ,0.025, -0.025, 1.000, -1.002, -3.144 
00141 ,0.020, -0.020, 1.000, -1.002, -3.146 
00142 ,0.000, 0.000, 1.000, -1.002, -3.147 
00000 ,0.000, 0.000, 1.000, -1.002, -3.148 
00001 ,0.004, 0.006, 1.000, -1.002, -3.148 
00002 ,0.009, 0.011, 1.000, -1.002, -3.148 
00003 ,0.013, 0.017, 1.000, -1.002, -3.148 
00004 ,0.018, 0.022, 1.000, -1.002, -3.148 
00005 ,0.022, 0.028, 1.000, -1.002, -3.148 
00006 ,0.026, 0.034, 1.000, -1.002, -3.148 
00007 ,0.031, 0.039, 1.000, -1.002, -3.148 
00008 ,0.035, 0.045, 0.999, -1.002, -3.147 
00009 ,0.040, 0.050, 0.999, -1.002, -3.148 
00010 ,0.044, 0.056, 0.999, -1.002, -3.147 
00011 ,0.048, 0.062, 0.998, -1.002, -3.146 
00012 ,0.053, 0.067, 0.998, -1.002, -3.146 
00013 ,0.058, 0.072, 0.998, -1.002, -3.145 
00014 ,0.062, 0.078, 0.997, -1.002, -3.145 
00015 ,0.067, 0.083, 0.996, -1.002, -3.144 
00016 ,0.072, 0.088, 0.996, -1.002, -3.144 
00017 ,0.076, 0.094, 0.995, -1.002, -3.143 
00018 ,0.081, 0.099, 0.994, -1.002, -3.142 
00019 ,0.086, 0.104, 0.994, -1.002, -3.142 
00020 ,0.091, 0.109, 0.993, -1.002, -3.141 
00021 ,0.096, 0.114, 0.992, -1.002, -3.140 
00022 ,0.101, 0.119, 0.991, -1.002, -3.140 
00023 ,0.106, 0.124, 0.990, -1.002, -3.139 
00024 ,0.111, 0.129, 0.989, -1.002, -3.139 
00025 ,0.116, 0.134, 0.988, -1.002, -3.138 
00026 ,0.122, 0.138, 0.987, -1.002, -3.138 
00027 ,0.127, 0.143, 0.986, -1.002, -3.137 
00028 ,0.132, 0.148, 0.984, -1.002, -3.136 
00029 ,0.138, 0.152, 0.983, -1.002, -3.136 
00030 ,0.143, 0.157, 0.982, -1.002, -3.136 
00031 ,0.149, 0.161, 0.980, -1.002, -3.135 
00032 ,0.154, 0.166, 0.979, -1.002, -3.134 
00033 ,0.160, 0.170, 0.977, -1.002, -3.134 
00034 ,0.165, 0.175, 0.976, -1.002, -3.133 
00035 ,0.171, 0.179, 0.974, -1.002, -3.133 
00036 ,0.177, 0.183, 0.973, -1.002, -3.132 
00037 ,0.182, 0.188, 0.971, -1.002, -3.132 
00038 ,0.188, 0.192, 0.969, -1.002, -3.132 
00039 ,0.194, 0.196, 0.968, -1.002, -3.132 
00040 ,0.200, 0.200, 0.966, -1.002, -3.131 
00041 ,0.206, 0.204, 0.964, -1.002, -3.131 
00042 ,0.211, 0.209, 0.962, -1.002, -3.131 
00043 ,0.217, 0.213, 0.960, -1.002, -3.131 
00044 ,0.223, 0.217, 0.958, -1.002, -3.131 
00045 ,0.229, 0.221, 0.956, -1.002, -3.131 
00046 ,0.235, 0.225, 0.954, -1.002, -3.132 
00047 ,0.240, 0.230, 0.952, -1.002, -3.132 
00048 ,0.246, 0.234, 0.949, -1.002, -3.132 
00049 ,0.252, 0.238, 0.947, -1.002, -3.133 
00050 ,0.258, 0.242, 0.945, -1.002, -3.133 
00051 ,0.263, 0.247, 0.942, -1.002, -3.134 
00052 ,0.269, 0.251, 0.940, -1.002, -3.134 
00053 ,0.275, 0.255, 0.938, -1.002, -3.135 
00054 ,0.280, 0.260, 0.935, -1.002, -3.136 
00055 ,0.285, 0.265, 0.932, -1.002, -3.136 
00056 ,0.291, 0.269, 0.930, -1.002, -3.136 
00057 ,0.296, 0.274, 0.927, -1.002, -3.138 
00058 ,0.302, 0.278, 0.924, -1.002, -3.138 
00059 ,0.307, 0.283, 0.922, -1.002, -3.140 
00060 ,0.312, 0.288, 0.919, -1.002, -3.141 
00061 ,0.317, 0.293, 0.916, -1.002, -3.142 
00062 ,0.322, 0.298, 0.913, -1.002, -3.143 
00063 ,0.327, 0.303, 0.910, -1.002, -3.143 
00064 ,0.332, 0.308, 0.907, -1.002, -3.145 
00065 ,0.336, 0.314, 0.904, -1.002, -3.145 
00066 ,0.341, 0.319, 0.901, -1.002, -3.147 
00067 ,0.345, 0.325, 0.898, -1.002, -3.147 
00068 ,0.350, 0.330, 0.894, -1.002, -3.149 
00069 ,0.354, 0.336, 0.891, -1.002, -3.149 
00070 ,0.358, 0.342, 0.888, -1.002, -3.149 
00071 ,0.363, 0.347, 0.884, -1.002, -3.150 
00072 ,0.367, 0.353, 0.881, -1.002, -3.151 
00073 ,0.371, 0.359, 0.877, -1.002, -3.151 
00074 ,0.375, 0.365, 0.874, -1.002, -3.152 
00075 ,0.379, 0.371, 0.870, -1.002, -3.153 
00076 ,0.383, 0.377, 0.867, -1.002, -3.153 
00077 ,0.387, 0.383, 0.863, -1.002, -3.153 
00078 ,0.391, 0.389, 0.859, -1.002, -3.153 
00079 ,0.395, 0.395, 0.856, -1.002, -3.153 
00080 ,0.399, 0.401, 0.852, -1.002, -3.154 
00081 ,0.403, 0.401, 0.848, -1.002, -3.153 
00082 ,0.399, 0.401, 0.844, -1.002, -3.153 
00083 ,0.403, 0.401, 0.840, -1.002, -3.153 
00084 ,0.399, 0.401, 0.836, -1.002, -3.153 
00085 ,0.403, 0.401, 0.832, -1.002, -3.153 
00086 ,0.399, 0.401, 0.828, -1.002, -3.153 
00087 ,0.403, 0.401, 0.824, -1.001, -3.153 
00088 ,0.399, 0.401, 0.820, -1.001, -3.152 
00089 ,0.403, 0.401, 0.816, -1.001, -3.152 
00090 ,0.399, 0.401, 0.812, -1.001, -3.152 
00091 ,0.403, 0.401, 0.808, -1.001, -3.151 
00092 ,0.399, 0.401, 0.805, -1.001, -3.151 
00093 ,0.403, 0.401, 0.801, -1.001, -3.151 
00094 ,0.399, 0.401, 0.797, -1.001, -3.151 
00095 ,0.403, 0.401, 0.793, -1.001, -3.151 
00096 ,0.399, 0.401, 0.789, -1.001, -3.151 
00097 ,0.403, 0.401, 0.785, -1.001, -3.151 
00098 ,0.399, 0.401, 0.781, -1.001, -3.150 
00099 ,0.403, 0.401, 0.777, -1.001, -3.150 
00100 ,0.399, 0.401, 0.773, -1.001, -3.150 
00101 ,0.403, 0.401, 0.769, -1.001, -3.149 
00102 ,0.399, 0.401, 0.765, -1.001, -3.149 
00103 ,0.404, 0.401, 0.761, -1.001, -3.149 
00104 ,0.399, 0.401, 0.757, -1.001, -3.149 
00105 ,0.404, 0.401, 0.753, -1.001, -3.149 
00106 ,0.399, 0.401, 0.749, -1.001, -3.149 
00107 ,0.404, 0.401, 0.745, -1.001, -3.149 
00108 ,0.399, 0.401, 0.741, -1.001, -3.148 
00109 ,0.404, 0.401, 0.737, -1.001, -3.148 
00110 ,0.399, 0.401, 0.733, -1.001, -3.148 
00111 ,0.404, 0.401, 0.729, -1.001, -3.148 
00112 ,0.399, 0.401, 0.726, -1.001, -3.147 
00113 ,0.404, 0.401, 0.722, -1.001, -3.147 
00114 ,0.399, 0.401, 0.718, -1.001, -3.147 
00115 ,0.404, 0.401, 0.714, -1.001, -3.147 
00116 ,0.399, 0.401, 0.710, -1.001, -3.147 
00117 ,0.404, 0.400, 0.706, -1.001, -3.147 
00118 ,0.400, 0.400, 0.702, -1.001, -3.146 
00119 ,0.404, 0.400, 0.698, -1.000, -3.146 
00120 ,0.400, 0.400, 0.694, -1.000, -3.146 
00121 ,0.404, 0.400, 0.690, -1.000, -3.146 
00122 ,0.400, 0.400, 0.686, -1.000, -3.146 
00123 ,0.404, 0.400, 0.682, -1.000, -3.146 
00124 ,0.400, 0.400, 0.678, -1.000, -3.145 
00125 ,0.404, 0.400, 0.674, -1.000, -3.145 
00126 ,0.400, 0.400, 0.670, -1.000, -3.145 
00127 ,0.404, 0.400, 0.666, -1.000, -3.145 
00128 ,0.400, 0.400, 0.662, -1.000, -3.144 
00129 ,0.404, 0.400, 0.658, -1.000, -3.144 
00130 ,0.400, 0.400, 0.654, -1.000, -3.144 
00131 ,0.404, 0.400, 0.650, -1.000, -3.144 
00132 ,0.400, 0.400, 0.647, -1.000, -3.144 
00133 ,0.404, 0.400, 0.643, -1.000, -3.144 
00134 ,0.400, 0.400, 0.639, -1.000, -3.143 
00135 ,0.405, 0.400, 0.635, -1.000, -3.143 
00136 ,0.400, 0.400, 0.631, -1.000, -3.143 
00137 ,0.405, 0.400, 0.627, -1.000, -3.143 
00138 ,0.400, 0.400, 0.623, -1.000, -3.142 
00139 ,0.405, 0.400, 0.619, -1.000, -3.142 
00140 ,0.400, 0.400, 0.615, -1.000, -3.142 
00141 ,0.405, 0.400, 0.611, -1.000, -3.142 
00142 ,0.400, 0.400, 0.607, -1.000, -3.142 
00143 ,0.405, 0.400, 0.603, -1.000, -3.142 
00144 ,0.400, 0.400, 0.599, -1.000, -3.141 
00145 ,0.405, 0.400, 0.595, -1.000, -3.141 
00146 ,0.400, 0.400, 0.591, -1.000, -3.141 
00147 ,0.405, 0.400, 0.587, -1.000, -3.141 
00148 ,0.400, 0.400, 0.583, -1.000, -3.140 
00149 ,0.400, 0.405, 0.579, -1.000, -3.140 
00150 ,0.400, 0.400, 0.575, -1.000, -3.140 
00151 ,0.400, 0.405, 0.571, -1.000, -3.140 
00152 ,0.400, 0.400, 0.567, -1.000, -3.141 
00153 ,0.400, 0.405, 0.563, -1.000, -3.141 
00154 ,0.400, 0.400, 0.560, -1.000, -3.141 
00155 ,0.400, 0.405, 0.556, -1.000, -3.141 
00156 ,0.400, 0.400, 0.552, -1.000, -3.142 
00157 ,0.405, 0.400, 0.548, -1.000, -3.142 
00158 ,0.400, 0.400, 0.544, -1.000, -3.142 
00159 ,0.405, 0.400, 0.540, -1.000, -3.142 
00160 ,0.400, 0.400, 0.536, -1.000, -3.141 
00161 ,0.405, 0.400, 0.532, -1.000, -3.141 
00162 ,0.400, 0.400, 0.528, -1.000, -3.141 
00163 ,0.405, 0.400, 0.524, -1.000, -3.141 
00164 ,0.400, 0.400, 0.520, -1.000, -3.140 
00165 ,0.400, 0.405, 0.516, -1.000, -3.140 
00166 ,0.400, 0.400, 0.512, -1.000, -3.140 
00167 ,0.400, 0.405, 0.508, -1.000, -3.140 
00168 ,0.400, 0.400, 0.504, -1.000, -3.140 
00169 ,0.400, 0.405, 0.500, -1.000, -3.141 
00170 ,0.400, 0.400, 0.496, -1.000, -3.141 
00171 ,0.400, 0.405, 0.492, -1.000, -3.141 
00172 ,0.400, 0.400, 0.489, -1.000, -3.142 
00173 ,0.405, 0.400, 0.485, -1.000, -3.142 
00174 ,0.400, 0.400, 0.481, -1.000, -3.142 
00175 ,0.405, 0.400, 0.477, -1.000, -3.142 
00176 ,0.400, 0.400, 0.473, -1.000, -3.142 
00177 ,0.405, 0.400, 0.469, -1.000, -3.142 
00178 ,0.400, 0.400, 0.465, -1.000, -3.141 
00179 ,0.405, 0.400, 0.461, -1.000, -3.141 
00180 ,0.400, 0.400, 0.457, -1.000, -3.140 
00181 ,0.400, 0.405, 0.453, -1.000, -3.140 
00182 ,0.400, 0.400, 0.449, -1.000, -3.140 
00183 ,0.400, 0.405, 0.445, -1.000, -3.140 
00184 ,0.400, 0.400, 0.441, -1.000, -3.140 
00185 ,0.400, 0.405, 0.437, -1.000, -3.140 
00186 ,0.400, 0.400, 0.433, -1.000, -3.141 
00187 ,0.400, 0.405, 0.429, -1.000, -3.141 
00188 ,0.405, 0.400, 0.425, -1.000, -3.142 
00189 ,0.400, 0.400, 0.421, -1.000, -3.141 
00190 ,0.405, 0.400, 0.417, -1.000, -3.141 
00191 ,0.400, 0.405, 0.414, -1.000, -3.141 
00192 ,0.400, 0.400, 0.410, -1.000, -3.141 
00193 ,0.400, 0.405, 0.406, -1.000, -3.141 
00194 ,0.400, 0.400, 0.402, -1.000, -3.142 
00195 ,0.405, 0.400, 0.398, -1.000, -3.142 
00196 ,0.400, 0.400, 0.394, -1.000, -3.142 
00197 ,0.405, 0.400, 0.386, -1.000, -3.141 
00198 ,0.400, 0.400, 0.382, -1.000, -3.141 
00199 ,0.405, 0.400, 0.378, -1.000, -3.141 
00200 ,0.400, 0.400, 0.374, -1.000, -3.140 
00201 ,0.400, 0.405, 0.370, -1.000, -3.140 
00202 ,0.400, 0.400, 0.366, -1.000, -3.140 
00203 ,0.400, 0.405, 0.362, -1.000, -3.140 
00204 ,0.400, 0.400, 0.358, -1.000, -3.141 
00205 ,0.400, 0.405, 0.354, -1.000, -3.141 
00206 ,0.400, 0.400, 0.350, -1.000, -3.141 
00207 ,0.400, 0.405, 0.346, -1.000, -3.141 
00208 ,0.400, 0.400, 0.343, -1.000, -3.142 
00209 ,0.405, 0.400, 0.339, -1.000, -3.142 
00210 ,0.400, 0.400, 0.335, -1.000, -3.142 
00211 ,0.405, 0.400, 0.331, -1.000, -3.142 
00212 ,0.400, 0.400, 0.327, -1.000, -3.142 
00213 ,0.405, 0.400, 0.323, -1.000, -3.141 
00214 ,0.400, 0.400, 0.319, -1.000, -3.141 
00215 ,0.405, 0.400, 0.315, -1.000, -3.141 
00216 ,0.400, 0.400, 0.311, -1.000, -3.140 
00217 ,0.400, 0.405, 0.307, -1.000, -3.140 
00218 ,0.400, 0.400, 0.303, -1.000, -3.140 
00219 ,0.400, 0.405, 0.299, -1.000, -3.140 
00220 ,0.400, 0.400, 0.295, -1.000, -3.140 
00221 ,0.400, 0.405, 0.291, -1.000, -3.140 
00222 ,0.400, 0.400, 0.287, -1.000, -3.141 
00223 ,0.400, 0.405, 0.283, -1.000, -3.141 
00224 ,0.400, 0.400, 0.279, -1.000, -3.142 
00225 ,0.405, 0.400, 0.275, -1.000, -3.142 
00226 ,0.400, 0.400, 0.271, -1.000, -3.142 
00227 ,0.405, 0.400, 0.267, -1.000, -3.142 
00228 ,0.400, 0.400, 0.264, -1.000, -3.142 
00229 ,0.405, 0.400, 0.260, -1.000, -3.142 
00230 ,0.400, 0.400, 0.256, -1.000, -3.141 
00231 ,0.405, 0.400, 0.252, -1.000, -3.141 
00232 ,0.400, 0.405, 0.248, -1.000, -3.140 
00233 ,0.400, 0.400, 0.244, -1.000, -3.141 
00234 ,0.400, 0.405, 0.240, -1.000, -3.140 
00235 ,0.400, 0.400, 0.236, -1.000, -3.141 
00236 ,0.400, 0.405, 0.232, -1.000, -3.140 
00237 ,0.400, 0.400, 0.228, -1.000, -3.141 
00238 ,0.400, 0.405, 0.224, -1.000, -3.141 
00239 ,0.400, 0.400, 0.220, -1.000, -3.141 
00240 ,0.400, 0.405, 0.217, -1.001, -3.141 
00241 ,0.400, 0.400, 0.213, -1.001, -3.141 
00242 ,0.400, 0.405, 0.209, -1.001, -3.141 
00243 ,0.400, 0.400, 0.205, -1.001, -3.142 
00244 ,0.405, 0.400, 0.201, -1.001, -3.142 
00245 ,0.400, 0.400, 0.197, -1.001, -3.142 
00246 ,0.405, 0.400, 0.193, -1.001, -3.142 
00247 ,0.400, 0.400, 0.189, -1.001, -3.141 
00248 ,0.405, 0.400, 0.185, -1.001, -3.141 
00249 ,0.400, 0.400, 0.181, -1.001, -3.141 
00250 ,0.405, 0.400, 0.177, -1.001, -3.141 
00251 ,0.400, 0.400, 0.173, -1.001, -3.140 
00252 ,0.400, 0.405, 0.169, -1.001, -3.140 
00253 ,0.400, 0.400, 0.165, -1.001, -3.140 
00254 ,0.400, 0.405, 0.161, -1.001, -3.140 
00255 ,0.400, 0.400, 0.157, -1.001, -3.140 
00256 ,0.395, 0.395, 0.153, -1.001, -3.141 
00257 ,0.390, 0.390, 0.149, -1.001, -3.141 
00258 ,0.385, 0.385, 0.146, -1.001, -3.141 
00259 ,0.380, 0.380, 0.142, -1.001, -3.142 
00260 ,0.375, 0.375, 0.138, -1.001, -3.142 
00261 ,0.370, 0.370, 0.134, -1.001, -3.142 
00262 ,0.365, 0.365, 0.131, -1.001, -3.142 
00263 ,0.360, 0.360, 0.127, -1.001, -3.142 
00264 ,0.355, 0.355, 0.123, -1.001, -3.142 
00265 ,0.350, 0.350, 0.120, -1.001, -3.142 
00266 ,0.345, 0.345, 0.116, -1.001, -3.142 
00267 ,0.340, 0.340, 0.113, -1.001, -3.142 
00268 ,0.335, 0.335, 0.110, -1.001, -3.141 
00269 ,0.330, 0.330, 0.106, -1.001, -3.141 
00270 ,0.325, 0.325, 0.103, -1.001, -3.141 
00271 ,0.320, 0.320, 0.100, -1.001, -3.141 
00272 ,0.315, 0.315, 0.097, -1.001, -3.141 
00273 ,0.310, 0.310, 0.093, -1.001, -3.140 
00274 ,0.305, 0.305, 0.090, -1.001, -3.140 
00275 ,0.300, 0.300, 0.087, -1.001, -3.140 
00276 ,0.295, 0.295, 0.084, -1.001, -3.140 
00277 ,0.290, 0.290, 0.081, -1.001, -3.140 
00278 ,0.285, 0.285, 0.079, -1.001, -3.139 
00279 ,0.280, 0.280, 0.076, -1.001, -3.139 
00280 ,0.275, 0.275, 0.073, -1.001, -3.139 
00281 ,0.270, 0.270, 0.070, -1.001, -3.139 
00282 ,0.266, 0.264, 0.067, -1.001, -3.140 
00283 ,0.261, 0.259, 0.065, -1.001, -3.140 
00284 ,0.256, 0.254, 0.062, -1.001, -3.140 
00285 ,0.251, 0.249, 0.060, -1.001, -3.140 
00286 ,0.246, 0.244, 0.057, -1.001, -3.140 
00287 ,0.241, 0.239, 0.055, -1.001, -3.141 
00288 ,0.236, 0.234, 0.053, -1.001, -3.140 
00289 ,0.231, 0.229, 0.050, -1.001, -3.141 
00290 ,0.226, 0.224, 0.048, -1.001, -3.141 
00291 ,0.221, 0.219, 0.046, -1.001, -3.142 
00292 ,0.216, 0.214, 0.044, -1.001, -3.141 
00293 ,0.211, 0.209, 0.041, -1.001, -3.142 
00294 ,0.206, 0.204, 0.039, -1.001, -3.142 
00295 ,0.201, 0.199, 0.037, -1.001, -3.142 
00296 ,0.196, 0.194, 0.035, -1.001, -3.142 
00297 ,0.191, 0.189, 0.033, -1.001, -3.142 
00298 ,0.186, 0.184, 0.032, -1.001, -3.143 
00299 ,0.180, 0.180, 0.030, -1.001, -3.143 
00300 ,0.175, 0.175, 0.028, -1.001, -3.143 
00301 ,0.170, 0.170, 0.026, -1.001, -3.144 
00302 ,0.165, 0.165, 0.025, -1.001, -3.143 
00303 ,0.160, 0.160, 0.023, -1.001, -3.144 
00304 ,0.155, 0.155, 0.021, -1.001, -3.144 
00305 ,0.149, 0.151, 0.020, -1.001, -3.143 
00306 ,0.144, 0.146, 0.018, -1.001, -3.144 
00307 ,0.139, 0.141, 0.017, -1.001, -3.143 
00308 ,0.134, 0.136, 0.016, -1.001, -3.143 
00309 ,0.129, 0.131, 0.014, -1.001, -3.143 
00310 ,0.123, 0.127, 0.013, -1.001, -3.142 
00311 ,0.118, 0.122, 0.012, -1.001, -3.142 
00312 ,0.113, 0.117, 0.011, -1.001, -3.142 
00313 ,0.108, 0.112, 0.009, -1.001, -3.142 
00314 ,0.103, 0.107, 0.008, -1.001, -3.142 
00315 ,0.098, 0.102, 0.007, -1.001, -3.142 
00316 ,0.093, 0.097, 0.006, -1.001, -3.141 
00317 ,0.088, 0.092, 0.005, -1.001, -3.141 
00318 ,0.083, 0.087, 0.005, -1.001, -3.141 
00319 ,0.078, 0.082, 0.004, -1.001, -3.141 
00320 ,0.073, 0.077, 0.003, -1.001, -3.141 
00321 ,0.068, 0.072, 0.002, -1.001, -3.140 
00322 ,0.063, 0.067, 0.002, -1.001, -3.140 
00323 ,0.058, 0.062, 0.001, -1.001, -3.140 
00324 ,0.053, 0.057, 0.000, -1.001, -3.140 
00325 ,0.048, 0.052, -0.000, -1.001, -3.139 
00326 ,0.000, 0.000, -0.001, -1.001, -3.139 
00000 ,0.000, 0.000, -0.001, -1.001, -3.139 
00001 ,0.005, -0.005, -0.001, -1.001, -3.139 
00002 ,0.010, -0.010, -0.001, -1.001, -3.139 
00003 ,0.015, -0.015, -0.001, -1.001, -3.139 
00004 ,0.020, -0.020, -0.001, -1.001, -3.140 
00005 ,0.025, -0.025, -0.001, -1.001, -3.140 
00006 ,0.030, -0.030, -0.001, -1.001, -3.142 
00007 ,0.035, -0.035, -0.001, -1.001, -3.144 
00008 ,0.040, -0.040, -0.001, -1.001, -3.146 
00009 ,0.045, -0.045, -0.001, -1.001, -3.148 
00010 ,0.050, -0.050, -0.001, -1.001, -3.151 
00011 ,0.055, -0.055, -0.001, -1.001, -3.154 
00012 ,0.060, -0.060, -0.001, -1.001, -3.158 
00013 ,0.065, -0.065, -0.001, -1.001, -3.162 
00014 ,0.070, -0.070, -0.001, -1.001, -3.166 
00015 ,0.075, -0.075, -0.001, -1.001, -3.170 
00016 ,0.080, -0.080, -0.001, -1.001, -3.175 
00017 ,0.085, -0.085, -0.001, -1.001, -3.180 
00018 ,0.090, -0.090, -0.001, -1.001, -3.186 
00019 ,0.095, -0.095, -0.001, -1.001, -3.192 
00020 ,0.100, -0.100, -0.001, -1.001, -3.200 
00021 ,0.105, -0.105, -0.001, -1.001, -3.207 
00022 ,0.110, -0.110, -0.001, -1.001, -3.214 
00023 ,0.115, -0.115, -0.001, -1.001, -3.222 
00024 ,0.120, -0.120, -0.001, -1.001, -3.230 
00025 ,0.125, -0.125, -0.001, -1.001, -3.239 
00026 ,0.130, -0.130, -0.001, -1.001, -3.248 
00027 ,0.135, -0.135, -0.001, -1.001, -3.257 
00028 ,0.140, -0.140, -0.001, -1.001, -3.267 
00029 ,0.145, -0.145, -0.001, -1.001, -3.277 
00030 ,0.150, -0.150, -0.001, -1.001, -3.288 
00031 ,0.155, -0.155, -0.001, -1.001, -3.299 
00032 ,0.160, -0.160, -0.001, -1.001, -3.310 
00033 ,0.165, -0.165, -0.001, -1.001, -3.322 
00034 ,0.170, -0.170, -0.001, -1.001, -3.334 
00035 ,0.175, -0.175, -0.001, -1.001, -3.346 
00036 ,0.180, -0.180, -0.001, -1.001, -3.359 
00037 ,0.185, -0.185, -0.001, -1.001, -3.372 
00038 ,0.190, -0.190, -0.001, -1.001, -3.386 
00039 ,0.195, -0.195, -0.001, -1.001, -3.400 
00040 ,0.200, -0.200, -0.001, -1.001, -3.415 
00041 ,0.200, -0.200, -0.001, -1.001, -3.430 
00042 ,0.200, -0.200, -0.001, -1.001, -3.445 
00043 ,0.200, -0.200, -0.001, -1.001, -3.460 
00044 ,0.200, -0.200, -0.001, -1.001, -3.475 
00045 ,0.200, -0.200, -0.001, -1.001, -3.491 
00046 ,0.200, -0.200, -0.001, -1.001, -3.506 
00047 ,0.200, -0.200, -0.001, -1.001, -3.522 
00048 ,0.200, -0.200, -0.001, -1.001, -3.537 
00049 ,0.200, -0.200, -0.001, -1.001, -3.553 
00050 ,0.200, -0.200, -0.001, -1.001, -3.568 
00051 ,0.200, -0.200, -0.001, -1.001, -3.583 
00052 ,0.200, -0.200, -0.001, -1.001, -3.599 
00053 ,0.200, -0.200, -0.001, -1.001, -3.614 
00054 ,0.200, -0.200, -0.001, -1.001, -3.629 
00055 ,0.200, -0.200, -0.001, -1.001, -3.645 
00056 ,0.200, -0.200, -0.001, -1.001, -3.660 
00057 ,0.200, -0.200, -0.001, -1.001, -3.675 
00058 ,0.200, -0.200, -0.001, -1.001, -3.691 
00059 ,0.200, -0.200, -0.001, -1.001, -3.706 
00060 ,0.200, -0.200, -0.001, -1.001, -3.722 
00061 ,0.200, -0.200, -0.001, -1.001, -3.737 
00062 ,0.200, -0.200, -0.001, -1.001, -3.753 
00063 ,0.200, -0.200, -0.001, -1.001, -3.768 
00064 ,0.200, -0.200, -0.001, -1.001, -3.783 
00065 ,0.200, -0.200, -0.001, -1.001, -3.798 
00066 ,0.200, -0.200, -0.001, -1.001, -3.814 
00067 ,0.200, -0.200, -0.001, -1.001, -3.829 
00068 ,0.200, -0.200, -0.001, -1.001, -3.860 
00069 ,0.200, -0.200, -0.001, -1.001, -3.876 
00070 ,0.200, -0.200, -0.001, -1.001, -3.891 
00071 ,0.200, -0.200, -0.001, -1.001, -3.906 
00072 ,0.200, -0.200, -0.001, -1.001, -3.922 
00073 ,0.200, -0.200, -0.001, -1.001, -3.937 
00074 ,0.200, -0.200, -0.001, -1.001, -3.952 
00075 ,0.200, -0.200, -0.001, -1.001, -3.968 
00076 ,0.200, -0.200, -0.001, -1.001, -3.983 
00077 ,0.200, -0.200, -0.001, -1.001, -3.999 
00078 ,0.200, -0.200, -0.001, -1.001, -4.014 
00079 ,0.200, -0.200, -0.001, -1.001, -4.029 
00080 ,0.200, -0.200, -0.001, -1.001, -4.045 
00081 ,0.200, -0.200, -0.001, -1.001, -4.060 
00082 ,0.200, -0.200, -0.001, -1.001, -4.076 
00083 ,0.200, -0.200, -0.001, -1.001, -4.091 
00084 ,0.200, -0.200, -0.001, -1.001, -4.107 
00085 ,0.200, -0.200, -0.001, -1.001, -4.122 
00086 ,0.200, -0.200, -0.001, -1.001, -4.137 
00087 ,0.200, -0.200, -0.001, -1.001, -4.152 
00088 ,0.200, -0.200, -0.001, -1.001, -4.168 
00089 ,0.200, -0.200, -0.001, -1.001, -4.183 
00090 ,0.200, -0.200, -0.001, -1.001, -4.199 
00091 ,0.200, -0.200, -0.001, -1.001, -4.214 
00092 ,0.200, -0.200, -0.001, -1.001, -4.229 
00093 ,0.200, -0.200, -0.001, -1.001, -4.245 
00094 ,0.200, -0.200, -0.001, -1.001, -4.260 
00095 ,0.200, -0.200, -0.001, -1.001, -4.276 
00096 ,0.200, -0.200, -0.001, -1.001, -4.291 
00097 ,0.200, -0.200, -0.001, -1.001, -4.306 
00098 ,0.200, -0.200, -0.001, -1.001, -4.322 
00099 ,0.200, -0.200, -0.001, -1.001, -4.337 
00100 ,0.200, -0.200, -0.001, -1.001, -4.352 
00101 ,0.200, -0.200, -0.001, -1.001, -4.368 
00102 ,0.200, -0.200, -0.001, -1.001, -4.383 
00103 ,0.200, -0.200, -0.001, -1.001, -4.399 
00104 ,0.195, -0.195, -0.001, -1.001, -4.414 
00105 ,0.190, -0.190, -0.001, -1.001, -4.430 
00106 ,0.185, -0.185, -0.001, -1.001, -4.444 
00107 ,0.180, -0.180, -0.001, -1.001, -4.459 
00108 ,0.175, -0.175, -0.001, -1.001, -4.473 
00109 ,0.170, -0.170, -0.001, -1.001, -4.486 
00110 ,0.165, -0.165, -0.001, -1.001, -4.499 
00111 ,0.160, -0.160, -0.001, -1.001, -4.512 
00112 ,0.155, -0.155, -0.001, -1.001, -4.525 
00113 ,0.150, -0.150, -0.001, -1.001, -4.536 
00114 ,0.145, -0.145, -0.001, -1.001, -4.548 
00115 ,0.140, -0.140, -0.001, -1.001, -4.559 
00116 ,0.135, -0.135, -0.001, -1.001, -4.569 
00117 ,0.130, -0.130, -0.001, -1.001, -4.579 
00118 ,0.125, -0.125, -0.001, -1.001, -4.590 
00119 ,0.120, -0.120, -0.001, -1.001, -4.599 
00120 ,0.115, -0.115, -0.001, -1.001, -4.608 
00121 ,0.110, -0.110, -0.001, -1.001, -4.616 
00122 ,0.105, -0.105, -0.001, -1.001, -4.625 
00123 ,0.100, -0.100, -0.001, -1.001, -4.633 
00124 ,0.095, -0.095, -0.001, -1.001, -4.640 
00125 ,0.090, -0.090, -0.001, -1.001, -4.647 
00126 ,0.085, -0.085, -0.001, -1.001, -4.654 
00127 ,0.080, -0.080, -0.001, -1.001, -4.660 
00128 ,0.075, -0.075, -0.001, -1.001, -4.666 
00129 ,0.070, -0.070, -0.001, -1.001, -4.672 
00130 ,0.075, -0.075, -0.001, -1.001, -4.677 
00131 ,0.070, -0.070, -0.001, -1.001, -4.682 
00132 ,0.065, -0.065, -0.001, -1.001, -4.687 
00133 ,0.060, -0.060, -0.001, -1.001, -4.692 
00134 ,0.055, -0.055, -0.001, -1.001, -4.696 
00135 ,0.050, -0.050, -0.001, -1.001, -4.700 
00136 ,0.045, -0.045, -0.001, -1.001, -4.704 
00137 ,0.040, -0.040, -0.001, -1.001, -4.707 
00138 ,0.035, -0.035, -0.001, -1.001, -4.710 
00139 ,0.030, -0.030, -0.001, -1.001, -4.713 
00140 ,0.025, -0.025, -0.001, -1.001, -4.715 
00141 ,0.000, 0.000, -0.001, -1.001, -4.717 
00000 ,0.000, 0.000, -0.001, -1.001, -4.718 
00001 ,0.004, 0.006, -0.001, -1.001, -4.718 
00002 ,0.009, 0.011, -0.001, -1.001, -4.718 
00003 ,0.013, 0.017, -0.001, -1.001, -4.718 
00004 ,0.017, 0.023, -0.001, -1.001, -4.718 
00005 ,0.022, 0.028, -0.001, -1.001, -4.718 
00006 ,0.026, 0.034, -0.001, -1.000, -4.718 
00007 ,0.030, 0.040, -0.001, -1.000, -4.717 
00008 ,0.035, 0.045, -0.001, -1.000, -4.717 
00009 ,0.039, 0.051, -0.001, -1.000, -4.717 
00010 ,0.043, 0.057, -0.001, -0.999, -4.717 
00011 ,0.048, 0.062, -0.001, -0.999, -4.716 
00012 ,0.052, 0.068, -0.001, -0.999, -4.716 
00013 ,0.057, 0.073, -0.001, -0.998, -4.715 
00014 ,0.061, 0.079, -0.001, -0.998, -4.715 
00015 ,0.066, 0.084, -0.001, -0.997, -4.714 
00016 ,0.071, 0.089, -0.001, -0.996, -4.713 
00017 ,0.075, 0.095, -0.001, -0.996, -4.713 
00018 ,0.080, 0.100, -0.001, -0.995, -4.712 
00019 ,0.085, 0.105, -0.001, -0.994, -4.711 
00020 ,0.090, 0.110, -0.001, -0.993, -4.711 
00021 ,0.095, 0.115, -0.001, -0.993, -4.710 
00022 ,0.100, 0.120, -0.001, -0.992, -4.709 
00023 ,0.105, 0.125, -0.001, -0.991, -4.708 
00024 ,0.110, 0.130, -0.001, -0.990, -4.707 
00025 ,0.115, 0.135, -0.001, -0.989, -4.707 
00026 ,0.121, 0.139, -0.001, -0.987, -4.706 
00027 ,0.126, 0.144, -0.001, -0.986, -4.705 
00028 ,0.131, 0.149, -0.001, -0.985, -4.705 
00029 ,0.137, 0.153, -0.001, -0.984, -4.704 
00030 ,0.142, 0.158, -0.001, -0.982, -4.704 
00031 ,0.148, 0.162, -0.001, -0.981, -4.703 
00032 ,0.153, 0.167, -0.001, -0.980, -4.703 
00033 ,0.159, 0.171, -0.001, -0.978, -4.702 
00034 ,0.165, 0.175, -0.001, -0.977, -4.701 
00035 ,0.171, 0.179, -0.001, -0.975, -4.701 
00036 ,0.176, 0.184, -0.001, -0.973, -4.700 
00037 ,0.182, 0.188, -0.001, -0.972, -4.700 
00038 ,0.188, 0.192, -0.001, -0.970, -4.700 
00039 ,0.194, 0.196, -0.001, -0.968, -4.700 
00040 ,0.200, 0.200, -0.001, -0.966, -4.699 
00041 ,0.206, 0.204, -0.001, -0.965, -4.700 
00042 ,0.212, 0.208, -0.001, -0.963, -4.699 
00043 ,0.218, 0.212, -0.001, -0.961, -4.699 
00044 ,0.223, 0.217, -0.001, -0.959, -4.700 
00045 ,0.229, 0.221, -0.001, -0.957, -4.700 
00046 ,0.235, 0.225, -0.002, -0.954, -4.700 
00047 ,0.241, 0.229, -0.002, -0.952, -4.700 
00048 ,0.247, 0.233, -0.002, -0.950, -4.700 
00049 ,0.253, 0.237, -0.002, -0.948, -4.701 
00050 ,0.259, 0.241, -0.002, -0.945, -4.702 
00051 ,0.264, 0.246, -0.002, -0.943, -4.702 
00052 ,0.270, 0.250, -0.002, -0.941, -4.702 
00053 ,0.276, 0.254, -0.002, -0.938, -4.704 
00054 ,0.281, 0.259, -0.002, -0.936, -4.704 
00055 ,0.287, 0.263, -0.002, -0.933, -4.704 
00056 ,0.292, 0.268, -0.002, -0.930, -4.706 
00057 ,0.298, 0.272, -0.002, -0.928, -4.706 
00058 ,0.303, 0.277, -0.002, -0.925, -4.707 
00059 ,0.308, 0.282, -0.002, -0.922, -4.708 
00060 ,0.313, 0.287, -0.002, -0.919, -4.709 
00061 ,0.318, 0.292, -0.002, -0.917, -4.710 
00062 ,0.323, 0.297, -0.002, -0.914, -4.711 
00063 ,0.328, 0.302, -0.002, -0.911, -4.712 
00064 ,0.333, 0.307, -0.002, -0.908, -4.713 
00065 ,0.338, 0.312, -0.002, -0.905, -4.714 
00066 ,0.342, 0.318, -0.002, -0.901, -4.715 
00067 ,0.347, 0.323, -0.002, -0.898, -4.716 
00068 ,0.351, 0.329, -0.002, -0.895, -4.717 
00069 ,0.356, 0.334, -0.002, -0.892, -4.718 
00070 ,0.360, 0.340, -0.002, -0.888, -4.719 
00071 ,0.364, 0.346, -0.002, -0.885, -4.720 
00072 ,0.369, 0.351, -0.002, -0.882, -4.721 
00073 ,0.373, 0.357, -0.002, -0.878, -4.722 
00074 ,0.377, 0.363, -0.002, -0.875, -4.722 
00075 ,0.381, 0.369, -0.002, -0.871, -4.723 
00076 ,0.384, 0.376, -0.002, -0.867, -4.723 
00077 ,0.388, 0.382, -0.001, -0.864, -4.724 
00078 ,0.392, 0.388, -0.001, -0.860, -4.724 
00079 ,0.396, 0.394, -0.001, -0.856, -4.724 
00080 ,0.400, 0.400, -0.001, -0.853, -4.725 
00081 ,0.403, 0.401, -0.001, -0.849, -4.725 
00082 ,0.399, 0.401, -0.001, -0.845, -4.724 
00083 ,0.403, 0.401, -0.001, -0.841, -4.724 
00084 ,0.399, 0.401, -0.001, -0.837, -4.724 
00085 ,0.403, 0.401, -0.001, -0.833, -4.724 
00086 ,0.399, 0.401, -0.001, -0.829, -4.724 
00087 ,0.403, 0.401, -0.001, -0.825, -4.724 
00088 ,0.399, 0.401, -0.001, -0.821, -4.723 
00089 ,0.403, 0.401, -0.001, -0.817, -4.723 
00090 ,0.399, 0.401, -0.001, -0.813, -4.723 
00091 ,0.403, 0.401, -0.001, -0.809, -4.723 
00092 ,0.399, 0.401, -0.001, -0.805, -4.722 
00093 ,0.403, 0.401, -0.001, -0.801, -4.722 
00094 ,0.399, 0.401, -0.001, -0.797, -4.722 
00095 ,0.403, 0.401, -0.001, -0.793, -4.722 
00096 ,0.399, 0.401, -0.001, -0.789, -4.722 
00097 ,0.403, 0.401, -0.001, -0.785, -4.722 
00098 ,0.399, 0.401, -0.001, -0.781, -4.721 
00099 ,0.403, 0.401, -0.001, -0.777, -4.721 
00100 ,0.399, 0.401, -0.001, -0.774, -4.721 
00101 ,0.403, 0.401, -0.000, -0.770, -4.721 
00102 ,0.399, 0.401, -0.000, -0.766, -4.720 
00103 ,0.403, 0.401, -0.000, -0.762, -4.720 
00104 ,0.399, 0.401, -0.000, -0.758, -4.720 
00105 ,0.403, 0.401, -0.000, -0.754, -4.720 
00106 ,0.399, 0.401, -0.000, -0.750, -4.720 
00107 ,0.403, 0.401, -0.000, -0.746, -4.720 
00108 ,0.399, 0.401, -0.000, -0.742, -4.719 
00109 ,0.403, 0.401, -0.000, -0.738, -4.719 
00110 ,0.399, 0.401, -0.000, -0.734, -4.719 
00111 ,0.403, 0.401, -0.000, -0.730, -4.719 
00112 ,0.399, 0.401, -0.000, -0.726, -4.718 
00113 ,0.403, 0.401, -0.000, -0.722, -4.718 
00114 ,0.399, 0.401, -0.000, -0.718, -4.718 
00115 ,0.404, 0.401, -0.000, -0.714, -4.718 
00116 ,0.399, 0.401, -0.000, -0.710, -4.718 
00117 ,0.404, 0.401, -0.000, -0.706, -4.718 
00118 ,0.399, 0.401, -0.000, -0.702, -4.717 
00119 ,0.404, 0.401, -0.000, -0.698, -4.717 
00120 ,0.399, 0.401, -0.000, -0.695, -4.717 
00121 ,0.404, 0.401, 0.000, -0.691, -4.717 
00122 ,0.399, 0.401, 0.000, -0.687, -4.717 
00123 ,0.404, 0.401, 0.000, -0.683, -4.717 
00124 ,0.399, 0.401, 0.000, -0.679, -4.716 
00125 ,0.404, 0.401, 0.000, -0.675, -4.716 
00126 ,0.399, 0.401, 0.000, -0.671, -4.716 
00127 ,0.404, 0.401, 0.000, -0.667, -4.716 
00128 ,0.399, 0.401, 0.000, -0.663, -4.715 
00129 ,0.404, 0.400, 0.000, -0.659, -4.715 
00130 ,0.400, 0.400, 0.000, -0.655, -4.715 
00131 ,0.404, 0.400, 0.000, -0.651, -4.715 
00132 ,0.400, 0.400, 0.000, -0.647, -4.715 
00133 ,0.404, 0.400, 0.000, -0.643, -4.715 
00134 ,0.400, 0.400, 0.000, -0.639, -4.714 
00135 ,0.404, 0.400, 0.000, -0.635, -4.714 
00136 ,0.400, 0.400, 0.000, -0.631, -4.714 
00137 ,0.404, 0.400, 0.000, -0.627, -4.714 
00138 ,0.400, 0.400, 0.000, -0.623, -4.713 
00139 ,0.404, 0.400, 0.000, -0.619, -4.714 
00140 ,0.400, 0.400, 0.000, -0.616, -4.713 
00141 ,0.404, 0.400, 0.000, -0.612, -4.713 
00142 ,0.400, 0.400, 0.000, -0.608, -4.713 
00143 ,0.404, 0.400, 0.000, -0.604, -4.713 
00144 ,0.400, 0.400, 0.000, -0.600, -4.712 
00145 ,0.405, 0.400, 0.000, -0.596, -4.712 
00146 ,0.400, 0.400, 0.000, -0.592, -4.712 
00147 ,0.405, 0.400, 0.000, -0.588, -4.712 
00148 ,0.400, 0.400, 0.000, -0.584, -4.712 
00149 ,0.405, 0.400, 0.000, -0.580, -4.712 
00150 ,0.400, 0.400, 0.000, -0.576, -4.711 
00151 ,0.405, 0.400, 0.000, -0.572, -4.711 
00152 ,0.400, 0.400, 0.000, -0.568, -4.711 
00153 ,0.405, 0.400, 0.000, -0.564, -4.711 
00154 ,0.400, 0.400, 0.000, -0.560, -4.710 
00155 ,0.405, 0.400, 0.000, -0.556, -4.711 
00156 ,0.400, 0.400, 0.000, -0.552, -4.710 
00157 ,0.405, 0.400, 0.000, -0.548, -4.710 
00158 ,0.400, 0.400, 0.000, -0.544, -4.710 
00159 ,0.400, 0.405, 0.000, -0.540, -4.710 
00160 ,0.400, 0.400, 0.000, -0.537, -4.709 
00161 ,0.400, 0.405, 0.000, -0.533, -4.709 
00162 ,0.400, 0.400, 0.000, -0.529, -4.710 
00163 ,0.400, 0.405, 0.000, -0.525, -4.710 
00164 ,0.400, 0.400, 0.000, -0.517, -4.710 
00165 ,0.400, 0.405, 0.000, -0.509, -4.711 
00166 ,0.405, 0.400, 0.000, -0.505, -4.711 
00167 ,0.400, 0.400, 0.000, -0.501, -4.711 
00168 ,0.405, 0.400, 0.000, -0.497, -4.711 
00169 ,0.400, 0.400, 0.000, -0.493, -4.710 
00170 ,0.405, 0.400, 0.000, -0.489, -4.710 
00171 ,0.400, 0.400, 0.000, -0.485, -4.710 
00172 ,0.400, 0.405, 0.000, -0.481, -4.710 
00173 ,0.400, 0.400, 0.000, -0.477, -4.709 
00174 ,0.400, 0.405, -0.000, -0.473, -4.709 
00175 ,0.400, 0.400, -0.000, -0.469, -4.710 
00176 ,0.400, 0.405, -0.000, -0.465, -4.710 
00177 ,0.400, 0.400, -0.000, -0.462, -4.710 
00178 ,0.400, 0.405, -0.000, -0.458, -4.710 
00179 ,0.405, 0.400, -0.000, -0.454, -4.711 
00180 ,0.400, 0.400, -0.000, -0.450, -4.710 
00181 ,0.405, 0.400, -0.000, -0.446, -4.710 
00182 ,0.400, 0.400, -0.000, -0.442, -4.710 
00183 ,0.400, 0.405, -0.000, -0.438, -4.710 
00184 ,0.400, 0.400, -0.000, -0.434, -4.709 
00185 ,0.400, 0.405, -0.000, -0.430, -4.709 
00186 ,0.400, 0.400, -0.000, -0.426, -4.710 
00187 ,0.400, 0.405, -0.000, -0.422, -4.710 
00188 ,0.400, 0.400, -0.000, -0.418, -4.710 
00189 ,0.400, 0.405, -0.000, -0.414, -4.710 
00190 ,0.405, 0.400, -0.000, -0.410, -4.711 
00191 ,0.400, 0.400, -0.000, -0.406, -4.710 
00192 ,0.405, 0.400, -0.000, -0.402, -4.710 
00193 ,0.400, 0.400, -0.000, -0.398, -4.710 
00194 ,0.400, 0.405, -0.000, -0.394, -4.710 
00195 ,0.400, 0.400, -0.000, -0.391, -4.709 
00196 ,0.400, 0.405, -0.000, -0.387, -4.709 
00197 ,0.400, 0.400, -0.000, -0.383, -4.710 
00198 ,0.400, 0.405, -0.000, -0.379, -4.710 
00199 ,0.400, 0.400, -0.000, -0.375, -4.710 
00200 ,0.400, 0.405, -0.000, -0.371, -4.710 
00201 ,0.405, 0.400, -0.000, -0.367, -4.711 
00202 ,0.400, 0.400, -0.000, -0.363, -4.710 
00203 ,0.405, 0.400, -0.000, -0.359, -4.710 
00204 ,0.400, 0.400, -0.000, -0.355, -4.710 
00205 ,0.400, 0.405, -0.000, -0.351, -4.709 
00206 ,0.400, 0.400, -0.000, -0.347, -4.709 
00207 ,0.400, 0.405, -0.000, -0.343, -4.709 
00208 ,0.400, 0.400, -0.000, -0.339, -4.710 
00209 ,0.400, 0.405, -0.000, -0.335, -4.710 
00210 ,0.400, 0.400, -0.000, -0.331, -4.710 
00211 ,0.400, 0.405, -0.000, -0.327, -4.710 
00212 ,0.405, 0.400, -0.000, -0.323, -4.711 
00213 ,0.400, 0.400, -0.000, -0.320, -4.710 
00214 ,0.405, 0.400, -0.000, -0.316, -4.710 
00215 ,0.400, 0.405, -0.000, -0.312, -4.710 
00216 ,0.400, 0.400, -0.000, -0.308, -4.710 
00217 ,0.400, 0.405, -0.000, -0.304, -4.710 
00218 ,0.400, 0.400, -0.000, -0.300, -4.710 
00219 ,0.400, 0.405, -0.000, -0.296, -4.710 
00220 ,0.405, 0.400, -0.000, -0.292, -4.711 
00221 ,0.400, 0.400, -0.000, -0.288, -4.710 
00222 ,0.405, 0.400, -0.000, -0.284, -4.710 
00223 ,0.400, 0.400, -0.000, -0.280, -4.709 
00224 ,0.400, 0.405, -0.000, -0.276, -4.710 
00225 ,0.400, 0.400, -0.000, -0.272, -4.709 
00226 ,0.400, 0.405, -0.001, -0.268, -4.709 
00227 ,0.400, 0.400, -0.001, -0.264, -4.710 
00228 ,0.400, 0.405, -0.001, -0.260, -4.710 
00229 ,0.400, 0.400, -0.001, -0.256, -4.710 
00230 ,0.400, 0.405, -0.001, -0.252, -4.710 
00231 ,0.405, 0.400, -0.001, -0.248, -4.711 
00232 ,0.400, 0.400, -0.001, -0.245, -4.710 
00233 ,0.405, 0.400, -0.001, -0.241, -4.710 
00234 ,0.400, 0.405, -0.001, -0.237, -4.710 
00235 ,0.400, 0.400, -0.001, -0.233, -4.710 
00236 ,0.400, 0.405, -0.001, -0.229, -4.710 
00237 ,0.400, 0.400, -0.001, -0.225, -4.710 
00238 ,0.400, 0.405, -0.001, -0.221, -4.710 
00239 ,0.400, 0.400, -0.001, -0.217, -4.710 
00240 ,0.400, 0.405, -0.001, -0.213, -4.710 
00241 ,0.400, 0.400, -0.001, -0.209, -4.710 
00242 ,0.400, 0.405, -0.001, -0.205, -4.710 
00243 ,0.400, 0.400, -0.001, -0.202, -4.710 
00244 ,0.400, 0.405, -0.001, -0.198, -4.710 
00245 ,0.400, 0.400, -0.001, -0.194, -4.710 
00246 ,0.400, 0.405, -0.001, -0.190, -4.710 
00247 ,0.400, 0.400, -0.001, -0.186, -4.710 
00248 ,0.400, 0.405, -0.001, -0.182, -4.710 
00249 ,0.400, 0.400, -0.001, -0.178, -4.710 
00250 ,0.400, 0.405, -0.001, -0.174, -4.710 
00251 ,0.405, 0.400, -0.001, -0.170, -4.711 
00252 ,0.400, 0.400, -0.001, -0.166, -4.710 
00253 ,0.405, 0.400, -0.001, -0.162, -4.710 
00254 ,0.400, 0.395, -0.001, -0.159, -4.710 
00255 ,0.395, 0.390, -0.001, -0.154, -4.709 
00256 ,0.390, 0.385, -0.001, -0.151, -4.710 
00257 ,0.385, 0.380, -0.001, -0.147, -4.710 
00258 ,0.380, 0.375, -0.001, -0.143, -4.710 
00259 ,0.375, 0.370, -0.001, -0.139, -4.710 
00260 ,0.370, 0.365, -0.001, -0.135, -4.711 
00261 ,0.365, 0.360, -0.001, -0.132, -4.711 
00262 ,0.360, 0.355, -0.001, -0.128, -4.711 
00263 ,0.355, 0.350, -0.001, -0.125, -4.712 
00264 ,0.350, 0.345, -0.001, -0.121, -4.712 
00265 ,0.344, 0.340, -0.001, -0.118, -4.712 
00266 ,0.339, 0.336, -0.001, -0.114, -4.712 
00267 ,0.334, 0.331, -0.001, -0.111, -4.711 
00268 ,0.329, 0.326, -0.001, -0.108, -4.712 
00269 ,0.324, 0.321, -0.001, -0.104, -4.712 
00270 ,0.319, 0.316, -0.001, -0.101, -4.712 
00271 ,0.314, 0.311, -0.001, -0.098, -4.711 
00272 ,0.308, 0.306, -0.001, -0.095, -4.712 
00273 ,0.303, 0.302, -0.001, -0.092, -4.712 
00274 ,0.298, 0.297, -0.001, -0.089, -4.712 
00275 ,0.293, 0.292, -0.001, -0.086, -4.711 
00276 ,0.288, 0.287, -0.001, -0.083, -4.712 
00277 ,0.283, 0.282, -0.001, -0.080, -4.712 
00278 ,0.278, 0.277, -0.001, -0.077, -4.711 
00279 ,0.272, 0.272, -0.001, -0.074, -4.712 
00280 ,0.267, 0.268, -0.001, -0.072, -4.712 
00281 ,0.262, 0.263, -0.001, -0.069, -4.711 
00282 ,0.257, 0.258, -0.001, -0.066, -4.712 
00283 ,0.252, 0.253, -0.001, -0.064, -4.712 
00284 ,0.247, 0.248, -0.001, -0.061, -4.712 
00285 ,0.242, 0.243, -0.001, -0.059, -4.712 
00286 ,0.236, 0.238, -0.001, -0.056, -4.711 
00287 ,0.231, 0.234, -0.001, -0.054, -4.712 
00288 ,0.226, 0.229, -0.001, -0.052, -4.712 
00289 ,0.231, 0.234, -0.001, -0.049, -4.712 
00290 ,0.226, 0.229, -0.001, -0.047, -4.712 
00291 ,0.221, 0.224, -0.001, -0.045, -4.712 
00292 ,0.216, 0.219, -0.001, -0.043, -4.712 
00293 ,0.210, 0.214, -0.001, -0.040, -4.712 
00294 ,0.205, 0.210, -0.001, -0.038, -4.712 
00295 ,0.200, 0.205, -0.001, -0.036, -4.712 
00296 ,0.195, 0.200, -0.001, -0.034, -4.712 
00297 ,0.190, 0.195, -0.001, -0.032, -4.712 
00298 ,0.185, 0.190, -0.001, -0.030, -4.712 
00299 ,0.180, 0.185, -0.001, -0.029, -4.711 
00300 ,0.174, 0.181, -0.001, -0.027, -4.711 
00301 ,0.169, 0.176, -0.001, -0.025, -4.710 
00302 ,0.164, 0.171, -0.001, -0.023, -4.710 
00303 ,0.159, 0.166, -0.001, -0.022, -4.710 
00304 ,0.154, 0.161, -0.001, -0.020, -4.709 
00305 ,0.149, 0.156, -0.001, -0.019, -4.709 
00306 ,0.145, 0.150, -0.001, -0.017, -4.709 
00307 ,0.140, 0.145, -0.001, -0.016, -4.708 
00308 ,0.135, 0.140, -0.001, -0.014, -4.708 
00309 ,0.130, 0.135, -0.001, -0.013, -4.707 
00310 ,0.125, 0.130, -0.001, -0.012, -4.707 
00311 ,0.120, 0.125, -0.001, -0.011, -4.707 
00312 ,0.116, 0.119, -0.001, -0.009, -4.707 
00313 ,0.111, 0.114, -0.001, -0.008, -4.707 
00314 ,0.106, 0.109, -0.001, -0.007, -4.707 
00315 ,0.101, 0.103, -0.001, -0.006, -4.707 
00316 ,0.097, 0.098, -0.001, -0.005, -4.707 
00317 ,0.092, 0.093, -0.001, -0.004, -4.707 
00318 ,0.087, 0.088, -0.001, -0.003, -4.707 
00319 ,0.083, 0.082, -0.001, -0.002, -4.707 
00320 ,0.078, 0.077, -0.001, -0.001, -4.707 
00321 ,0.073, 0.072, -0.001, -0.001, -4.707 
00322 ,0.000, 0.000, -0.001, 0.000, -4.707 
00000 ,0.000, 0.000, -0.001, 0.001, -4.707 
00001 ,0.005, -0.005, -0.001, 0.001, -4.707 
00002 ,0.010, -0.010, -0.001, 0.001, -4.707 
00003 ,0.015, -0.015, -0.001, 0.001, -4.707 
00004 ,0.020, -0.020, -0.001, 0.001, -4.707 
00005 ,0.025, -0.025, -0.001, 0.001, -4.708 
00006 ,0.030, -0.030, -0.001, 0.001, -4.709 
00007 ,0.035, -0.035, -0.001, 0.001, -4.711 
00008 ,0.040, -0.040, -0.001, 0.001, -4.713 
00009 ,0.045, -0.045, -0.001, 0.001, -4.715 
00010 ,0.050, -0.050, -0.001, 0.001, -4.718 
00011 ,0.055, -0.055, -0.001, 0.001, -4.722 
00012 ,0.060, -0.060, -0.001, 0.001, -4.726 
00013 ,0.065, -0.065, -0.001, 0.001, -4.730 
00014 ,0.070, -0.070, -0.001, 0.001, -4.733 
00015 ,0.075, -0.075, -0.001, 0.001, -4.738 
00016 ,0.080, -0.080, -0.001, 0.001, -4.743 
00017 ,0.085, -0.085, -0.001, 0.001, -4.748 
00018 ,0.090, -0.090, -0.001, 0.001, -4.754 
00019 ,0.095, -0.095, -0.001, 0.001, -4.760 
00020 ,0.100, -0.100, -0.001, 0.001, -4.767 
00021 ,0.105, -0.105, -0.001, 0.001, -4.774 
00022 ,0.110, -0.110, -0.001, 0.001, -4.782 
00023 ,0.115, -0.115, -0.001, 0.001, -4.789 
00024 ,0.120, -0.120, -0.001, 0.001, -4.798 
00025 ,0.125, -0.125, -0.001, 0.001, -4.806 
00026 ,0.130, -0.130, -0.001, 0.001, -4.815 
00027 ,0.135, -0.135, -0.001, 0.001, -4.825 
00028 ,0.140, -0.140, -0.001, 0.001, -4.835 
00029 ,0.145, -0.145, -0.001, 0.001, -4.845 
00030 ,0.150, -0.150, -0.001, 0.001, -4.856 
00031 ,0.155, -0.155, -0.001, 0.001, -4.866 
00032 ,0.160, -0.160, -0.001, 0.001, -4.878 
00033 ,0.165, -0.165, -0.001, 0.001, -4.889 
00034 ,0.170, -0.170, -0.001, 0.001, -4.902 
00035 ,0.175, -0.175, -0.001, 0.001, -4.914 
00036 ,0.180, -0.180, -0.001, 0.001, -4.927 
00037 ,0.185, -0.185, -0.001, 0.001, -4.940 
00038 ,0.190, -0.190, -0.001, 0.001, -4.954 
00039 ,0.195, -0.195, -0.001, 0.001, -4.968 
00040 ,0.200, -0.200, -0.001, 0.001, -4.982 
00041 ,0.200, -0.200, -0.001, 0.001, -4.997 
00042 ,0.200, -0.200, -0.001, 0.001, -5.012 
00043 ,0.200, -0.200, -0.001, 0.001, -5.028 
00044 ,0.200, -0.200, -0.001, 0.001, -5.043 
00045 ,0.200, -0.200, -0.001, 0.001, -5.059 
00046 ,0.200, -0.200, -0.001, 0.001, -5.074 
00047 ,0.200, -0.200, -0.001, 0.001, -5.090 
00048 ,0.200, -0.200, -0.001, 0.001, -5.105 
00049 ,0.200, -0.200, -0.001, 0.001, -5.120 
00050 ,0.200, -0.200, -0.001, 0.001, -5.135 
00051 ,0.200, -0.200, -0.001, 0.001, -5.151 
00052 ,0.200, -0.200, -0.001, 0.001, -5.166 
00053 ,0.200, -0.200, -0.001, 0.001, -5.182 
00054 ,0.200, -0.200, -0.001, 0.001, -5.197 
00055 ,0.200, -0.200, -0.001, 0.001, -5.213 
00056 ,0.200, -0.200, -0.001, 0.001, -5.228 
00057 ,0.200, -0.200, -0.001, 0.001, -5.243 
00058 ,0.200, -0.200, -0.001, 0.001, -5.259 
00059 ,0.200, -0.200, -0.001, 0.001, -5.274 
00060 ,0.200, -0.200, -0.001, 0.001, -5.289 
00061 ,0.200, -0.200, -0.001, 0.001, -5.305 
00062 ,0.200, -0.200, -0.001, 0.001, -5.320 
00063 ,0.200, -0.200, -0.001, 0.001, -5.336 
00064 ,0.200, -0.200, -0.001, 0.001, -5.351 
00065 ,0.200, -0.200, -0.001, 0.001, -5.366 
00066 ,0.200, -0.200, -0.001, 0.001, -5.382 
00067 ,0.200, -0.200, -0.001, 0.001, -5.397 
00068 ,0.200, -0.200, -0.001, 0.001, -5.412 
00069 ,0.200, -0.200, -0.001, 0.001, -5.428 
00070 ,0.200, -0.200, -0.001, 0.001, -5.444 
00071 ,0.200, -0.200, -0.001, 0.001, -5.458 
00072 ,0.200, -0.200, -0.001, 0.001, -5.474 
00073 ,0.200, -0.200, -0.001, 0.001, -5.489 
00074 ,0.200, -0.200, -0.001, 0.001, -5.505 
00075 ,0.200, -0.200, -0.001, 0.001, -5.520 
00076 ,0.200, -0.200, -0.001, 0.001, -5.536 
00077 ,0.200, -0.200, -0.001, 0.001, -5.551 
00078 ,0.200, -0.200, -0.001, 0.001, -5.566 
00079 ,0.200, -0.200, -0.001, 0.001, -5.582 
00080 ,0.200, -0.200, -0.001, 0.001, -5.597 
00081 ,0.200, -0.200, -0.001, 0.001, -5.613 
00082 ,0.200, -0.200, -0.001, 0.001, -5.628 
00083 ,0.200, -0.200, -0.001, 0.001, -5.643 
00084 ,0.200, -0.200, -0.001, 0.001, -5.659 
00085 ,0.200, -0.200, -0.001, 0.001, -5.674 
00086 ,0.200, -0.200, -0.001, 0.001, -5.689 
00087 ,0.200, -0.200, -0.001, 0.001, -5.705 
00088 ,0.200, -0.200, -0.001, 0.001, -5.720 
00089 ,0.200, -0.200, -0.001, 0.001, -5.735 
00090 ,0.200, -0.200, -0.001, 0.001, -5.751 
00091 ,0.200, -0.200, -0.001, 0.001, -5.766 
00092 ,0.200, -0.200, -0.001, 0.001, -5.782 
00093 ,0.200, -0.200, -0.001, 0.001, -5.797 
00094 ,0.200, -0.200, -0.001, 0.001, -5.812 
00095 ,0.200, -0.200, -0.001, 0.001, -5.828 
00096 ,0.200, -0.200, -0.001, 0.001, -5.843 
00097 ,0.200, -0.200, -0.001, 0.001, -5.859 
00098 ,0.200, -0.200, -0.001, 0.001, -5.874 
00099 ,0.200, -0.200, -0.001, 0.001, -5.890 
00100 ,0.200, -0.200, -0.001, 0.001, -5.905 
00101 ,0.200, -0.200, -0.001, 0.001, -5.920 
00102 ,0.200, -0.200, -0.001, 0.001, -5.936 
00103 ,0.200, -0.200, -0.001, 0.001, -5.951 
00104 ,0.200, -0.200, -0.001, 0.001, -5.966 
00105 ,0.195, -0.195, -0.001, 0.001, -5.982 
00106 ,0.190, -0.190, -0.001, 0.001, -5.997 
00107 ,0.185, -0.185, -0.001, 0.001, -6.012 
00108 ,0.180, -0.180, -0.001, 0.001, -6.026 
00109 ,0.175, -0.175, -0.001, 0.001, -6.040 
00110 ,0.170, -0.170, -0.001, 0.001, -6.054 
00111 ,0.165, -0.165, -0.001, 0.001, -6.067 
00112 ,0.160, -0.160, -0.001, 0.001, -6.080 
00113 ,0.155, -0.155, -0.001, 0.001, -6.092 
00114 ,0.150, -0.150, -0.001, 0.001, -6.104 
00115 ,0.145, -0.145, -0.001, 0.001, -6.116 
00116 ,0.140, -0.140, -0.001, 0.001, -6.126 
00117 ,0.135, -0.135, -0.001, 0.001, -6.137 
00118 ,0.130, -0.130, -0.001, 0.001, -6.147 
00119 ,0.125, -0.125, -0.001, 0.001, -6.157 
00120 ,0.120, -0.120, -0.001, 0.001, -6.166 
00121 ,0.115, -0.115, -0.001, 0.001, -6.176 
00122 ,0.110, -0.110, -0.001, 0.001, -6.184 
00123 ,0.105, -0.105, -0.001, 0.001, -6.193 
00124 ,0.100, -0.100, -0.001, 0.001, -6.200 
00125 ,0.095, -0.095, -0.001, 0.001, -6.208 
00126 ,0.090, -0.090, -0.001, 0.001, -6.215 
00127 ,0.085, -0.085, -0.001, 0.001, -6.222 
00128 ,0.080, -0.080, -0.001, 0.001, -6.228 
00129 ,0.075, -0.075, -0.001, 0.001, -6.234 
00130 ,0.070, -0.070, -0.001, 0.001, -6.239 
00131 ,0.065, -0.065, -0.001, 0.001, -6.245 
00132 ,0.060, -0.060, -0.001, 0.001, -6.249 
00133 ,0.065, -0.065, -0.001, 0.001, -6.254 
00134 ,0.060, -0.060, -0.001, 0.001, -6.258 
00135 ,0.055, -0.055, -0.001, 0.001, -6.262 
00136 ,0.050, -0.050, -0.001, 0.001, -6.266 
00137 ,0.045, -0.045, -0.001, 0.001, -6.270 
00138 ,0.040, -0.040, -0.001, 0.001, -6.273 
00139 ,0.035, -0.035, -0.001, 0.001, -6.276 
00140 ,0.030, -0.030, -0.001, 0.001, -6.279 
00141 ,0.025, -0.025, -0.001, 0.001, -6.281 
00142 ,0.020, -0.020, -0.001, 0.001, -6.282 
00143 ,0.000, 0.000, -0.001, 0.001, -6.284 
00000 ,0.000, 0.000, -0.001, 0.001, -6.285 
