00000 ,0.000, 0.000, 0.000, 0.000, 0.000 
00000 ,0.000, 0.000, 0.000, 0.000, 0.000 
00001 ,0.005, 0.005, 0.000, 0.000, 0.000 
00002 ,0.010, 0.010, 0.000, 0.000, 0.000 
00003 ,0.015, 0.015, 0.000, 0.000, 0.000 
00004 ,0.020, 0.020, 0.000, 0.000, 0.000 
00005 ,0.025, 0.025, 0.000, 0.000, 0.000 
00006 ,0.030, 0.030, 0.000, 0.000, 0.000 
00007 ,0.035, 0.035, 0.001, 0.000, 0.000 
00008 ,0.040, 0.040, 0.001, 0.000, 0.000 
00009 ,0.045, 0.045, 0.001, 0.000, 0.000 
00010 ,0.050, 0.050, 0.001, 0.000, -0.000 
00011 ,0.055, 0.055, 0.002, 0.000, -0.000 
00012 ,0.060, 0.060, 0.002, -0.000, -0.001 
00013 ,0.065, 0.065, 0.003, -0.000, -0.001 
00014 ,0.070, 0.070, 0.003, -0.000, -0.001 
00015 ,0.075, 0.075, 0.004, -0.000, -0.001 
00016 ,0.080, 0.080, 0.005, -0.000, -0.001 
00017 ,0.085, 0.085, 0.005, -0.000, -0.000 
00018 ,0.090, 0.090, 0.006, -0.000, -0.000 
00019 ,0.095, 0.095, 0.007, -0.000, -0.000 
00020 ,0.100, 0.100, 0.007, -0.000, 0.000 
00021 ,0.105, 0.105, 0.008, -0.000, 0.000 
00022 ,0.110, 0.110, 0.009, -0.000, 0.000 
00023 ,0.115, 0.115, 0.010, -0.000, 0.000 
00024 ,0.120, 0.120, 0.011, -0.000, 0.001 
00025 ,0.125, 0.125, 0.012, -0.000, 0.001 
00026 ,0.130, 0.130, 0.013, 0.000, 0.001 
00027 ,0.135, 0.135, 0.015, 0.000, 0.001 
00028 ,0.140, 0.140, 0.016, 0.000, 0.002 
00029 ,0.145, 0.145, 0.017, 0.000, 0.002 
00030 ,0.150, 0.150, 0.018, 0.000, 0.002 
00031 ,0.155, 0.155, 0.020, 0.000, 0.002 
00032 ,0.161, 0.159, 0.021, 0.000, 0.002 
00033 ,0.166, 0.164, 0.023, 0.000, 0.002 
00034 ,0.171, 0.169, 0.024, 0.000, 0.001 
00035 ,0.176, 0.174, 0.026, 0.000, 0.001 
00036 ,0.181, 0.179, 0.027, 0.000, 0.001 
00037 ,0.186, 0.184, 0.029, 0.000, 0.001 
00038 ,0.191, 0.189, 0.031, 0.000, 0.000 
00039 ,0.196, 0.194, 0.033, 0.000, 0.000 
00040 ,0.201, 0.199, 0.034, 0.000, 0.000 
00041 ,0.206, 0.204, 0.036, 0.000, -0.000 
00042 ,0.211, 0.209, 0.038, 0.000, -0.000 
00043 ,0.216, 0.214, 0.040, 0.000, -0.000 
00044 ,0.221, 0.219, 0.042, 0.000, -0.000 
00045 ,0.226, 0.224, 0.044, 0.000, -0.001 
00046 ,0.231, 0.229, 0.046, 0.000, -0.001 
00047 ,0.236, 0.234, 0.049, 0.000, -0.001 
00048 ,0.241, 0.239, 0.051, 0.000, -0.001 
00049 ,0.246, 0.244, 0.053, 0.000, -0.002 
00050 ,0.251, 0.249, 0.055, 0.000, -0.002 
00051 ,0.256, 0.254, 0.058, 0.000, -0.002 
00052 ,0.260, 0.260, 0.060, -0.000, -0.002 
00053 ,0.265, 0.265, 0.063, -0.000, -0.002 
00054 ,0.270, 0.270, 0.065, -0.000, -0.002 
00055 ,0.275, 0.275, 0.068, -0.000, -0.003 
00056 ,0.280, 0.280, 0.070, -0.000, -0.003 
00057 ,0.284, 0.286, 0.073, -0.000, -0.003 
00058 ,0.289, 0.291, 0.076, -0.000, -0.003 
00059 ,0.294, 0.296, 0.079, -0.000, -0.002 
00060 ,0.299, 0.301, 0.081, -0.000, -0.002 
00061 ,0.303, 0.307, 0.084, -0.000, -0.002 
00062 ,0.308, 0.312, 0.087, -0.000, -0.002 
00063 ,0.313, 0.317, 0.090, -0.000, -0.002 
00064 ,0.318, 0.322, 0.093, -0.000, -0.001 
00065 ,0.323, 0.327, 0.096, -0.000, -0.002 
00066 ,0.328, 0.332, 0.099, -0.000, -0.001 
00067 ,0.333, 0.337, 0.103, -0.000, -0.001 
00068 ,0.338, 0.342, 0.106, -0.000, -0.000 
00069 ,0.343, 0.347, 0.109, -0.000, -0.000 
00070 ,0.348, 0.352, 0.112, -0.000, -0.000 
00071 ,0.353, 0.357, 0.116, -0.000, -0.000 
00072 ,0.358, 0.362, 0.119, -0.000, -0.000 
00073 ,0.363, 0.367, 0.123, -0.000, -0.000 
00074 ,0.368, 0.372, 0.126, -0.000, 0.000 
00075 ,0.373, 0.377, 0.130, -0.000, 0.000 
00076 ,0.378, 0.382, 0.133, -0.000, 0.001 
00077 ,0.383, 0.387, 0.137, -0.000, 0.001 
00078 ,0.388, 0.392, 0.141, -0.000, 0.002 
00079 ,0.393, 0.397, 0.145, -0.000, 0.001 
00080 ,0.398, 0.402, 0.148, -0.000, 0.002 
00081 ,0.403, 0.407, 0.152, -0.000, 0.002 
00082 ,0.408, 0.412, 0.156, -0.000, 0.002 
00083 ,0.413, 0.417, 0.160, -0.000, 0.002 
00084 ,0.419, 0.421, 0.164, -0.000, 0.002 
00085 ,0.424, 0.426, 0.168, -0.000, 0.002 
00086 ,0.429, 0.431, 0.172, -0.000, 0.003 
00087 ,0.434, 0.436, 0.177, -0.000, 0.003 
00088 ,0.439, 0.441, 0.181, 0.000, 0.003 
00089 ,0.445, 0.445, 0.185, 0.000, 0.003 
00090 ,0.450, 0.450, 0.189, 0.000, 0.004 
00091 ,0.455, 0.455, 0.194, 0.000, 0.004 
00092 ,0.461, 0.459, 0.198, 0.000, 0.004 
00093 ,0.466, 0.464, 0.203, 0.000, 0.004 
00094 ,0.471, 0.469, 0.207, 0.000, 0.004 
00095 ,0.477, 0.473, 0.212, 0.000, 0.004 
00096 ,0.482, 0.478, 0.216, 0.000, 0.003 
00097 ,0.487, 0.483, 0.221, 0.000, 0.003 
00098 ,0.492, 0.488, 0.226, 0.000, 0.003 
00099 ,0.498, 0.492, 0.231, 0.000, 0.003 
00100 ,0.503, 0.497, 0.235, 0.000, 0.002 
00101 ,0.508, 0.502, 0.240, 0.000, 0.002 
00102 ,0.513, 0.507, 0.245, 0.000, 0.002 
00103 ,0.518, 0.512, 0.250, 0.000, 0.002 
00104 ,0.524, 0.516, 0.255, 0.000, 0.002 
00105 ,0.529, 0.521, 0.260, 0.000, 0.002 
00106 ,0.534, 0.526, 0.265, 0.000, 0.001 
00107 ,0.539, 0.531, 0.271, 0.000, 0.002 
00108 ,0.544, 0.536, 0.276, 0.000, 0.001 
00109 ,0.549, 0.541, 0.281, 0.000, 0.001 
00110 ,0.554, 0.546, 0.286, 0.000, 0.000 
00111 ,0.559, 0.551, 0.292, 0.000, 0.001 
00112 ,0.564, 0.556, 0.297, 0.000, 0.000 
00113 ,0.569, 0.561, 0.303, 0.000, 0.000 
00114 ,0.574, 0.566, 0.308, 0.000, 0.000 
00115 ,0.579, 0.571, 0.314, 0.000, -0.000 
00116 ,0.584, 0.576, 0.319, 0.000, -0.001 
00117 ,0.589, 0.581, 0.325, 0.000, -0.001 
00118 ,0.594, 0.586, 0.331, 0.000, -0.001 
00119 ,0.599, 0.591, 0.337, 0.000, -0.001 
00120 ,0.604, 0.596, 0.342, 0.000, -0.002 
00121 ,0.600, 0.601, 0.348, 0.000, -0.001 
00122 ,0.605, 0.600, 0.354, 0.000, -0.002 
00123 ,0.600, 0.600, 0.360, 0.000, -0.001 
00124 ,0.605, 0.600, 0.366, 0.000, -0.002 
00125 ,0.600, 0.600, 0.372, 0.000, -0.001 
00126 ,0.605, 0.600, 0.378, 0.000, -0.001 
00127 ,0.600, 0.600, 0.384, 0.000, -0.001 
00128 ,0.605, 0.600, 0.390, 0.000, -0.000 
00129 ,0.600, 0.600, 0.396, 0.000, -0.000 
00130 ,0.605, 0.600, 0.402, 0.000, -0.000 
00131 ,0.600, 0.600, 0.408, 0.000, -0.000 
00132 ,0.605, 0.600, 0.414, 0.000, -0.000 
00133 ,0.600, 0.600, 0.420, 0.000, 0.000 
00134 ,0.600, 0.605, 0.426, 0.000, 0.001 
00135 ,0.600, 0.600, 0.432, 0.000, 0.000 
00136 ,0.600, 0.605, 0.438, 0.000, 0.001 
00137 ,0.600, 0.600, 0.444, 0.000, -0.000 
00138 ,0.600, 0.605, 0.450, 0.000, -0.000 
00139 ,0.600, 0.600, 0.455, 0.000, -0.000 
00140 ,0.605, 0.600, 0.461, 0.000, -0.000 
00141 ,0.600, 0.600, 0.467, 0.000, -0.000 
00142 ,0.605, 0.600, 0.473, 0.000, -0.000 
00143 ,0.600, 0.600, 0.479, 0.000, -0.000 
00144 ,0.605, 0.600, 0.485, 0.000, -0.000 
00145 ,0.600, 0.600, 0.491, 0.000, 0.000 
00146 ,0.600, 0.605, 0.497, 0.000, 0.000 
00147 ,0.600, 0.600, 0.503, 0.000, 0.000 
00148 ,0.600, 0.605, 0.509, 0.000, 0.001 
00149 ,0.600, 0.600, 0.515, 0.000, 0.000 
00150 ,0.600, 0.605, 0.521, 0.000, -0.000 
00151 ,0.600, 0.600, 0.527, 0.000, -0.000 
00152 ,0.605, 0.600, 0.533, 0.000, -0.000 
00153 ,0.600, 0.600, 0.539, 0.000, -0.000 
00154 ,0.605, 0.600, 0.545, 0.000, -0.000 
00155 ,0.600, 0.600, 0.551, 0.000, -0.000 
00156 ,0.605, 0.600, 0.557, 0.000, 0.000 
00157 ,0.600, 0.605, 0.563, 0.000, 0.000 
00158 ,0.600, 0.600, 0.569, 0.000, 0.000 
00159 ,0.600, 0.605, 0.575, 0.000, 0.000 
00160 ,0.600, 0.600, 0.581, 0.000, -0.000 
00161 ,0.600, 0.605, 0.587, 0.000, -0.000 
00162 ,0.600, 0.600, 0.593, 0.000, -0.000 
00163 ,0.600, 0.600, 0.599, 0.000, -0.000 
00164 ,0.605, 0.600, 0.605, 0.000, -0.000 
00165 ,0.600, 0.600, 0.611, 0.000, -0.000 
00166 ,0.605, 0.600, 0.617, 0.000, -0.000 
00167 ,0.600, 0.600, 0.623, 0.000, -0.000 
00168 ,0.605, 0.600, 0.629, 0.000, -0.000 
00169 ,0.600, 0.600, 0.634, 0.000, 0.001 
00170 ,0.600, 0.605, 0.640, 0.000, 0.000 
00171 ,0.595, 0.600, 0.646, 0.000, 0.000 
00172 ,0.590, 0.595, 0.652, 0.000, 0.000 
00173 ,0.585, 0.590, 0.658, 0.000, 0.000 
00174 ,0.580, 0.585, 0.664, 0.000, 0.000 
00175 ,0.575, 0.580, 0.670, 0.000, 0.000 
00176 ,0.570, 0.575, 0.676, 0.000, 0.000 
00177 ,0.565, 0.570, 0.682, 0.000, 0.000 
00178 ,0.560, 0.565, 0.687, 0.000, 0.000 
00179 ,0.555, 0.560, 0.693, 0.000, 0.001 
00180 ,0.550, 0.555, 0.698, 0.000, 0.000 
00181 ,0.545, 0.550, 0.704, 0.000, 0.000 
00182 ,0.541, 0.544, 0.709, 0.000, 0.001 
00183 ,0.536, 0.539, 0.715, 0.000, 0.000 
00184 ,0.531, 0.534, 0.720, 0.000, 0.000 
00185 ,0.526, 0.529, 0.726, 0.000, 0.000 
00186 ,0.521, 0.524, 0.731, 0.000, 0.001 
00187 ,0.516, 0.519, 0.736, 0.000, 0.000 
00188 ,0.511, 0.514, 0.741, 0.000, 0.000 
00189 ,0.506, 0.509, 0.746, 0.000, 0.000 
00190 ,0.501, 0.504, 0.751, 0.000, 0.001 
00191 ,0.496, 0.499, 0.756, 0.000, 0.000 
00192 ,0.491, 0.494, 0.761, 0.000, 0.000 
00193 ,0.486, 0.489, 0.766, 0.000, 0.000 
00194 ,0.481, 0.484, 0.771, 0.000, 0.000 
00195 ,0.476, 0.479, 0.776, 0.000, 0.000 
00196 ,0.471, 0.474, 0.781, 0.000, 0.001 
00197 ,0.466, 0.469, 0.786, 0.000, 0.000 
00198 ,0.461, 0.464, 0.790, 0.000, 0.000 
00199 ,0.456, 0.459, 0.795, 0.000, 0.000 
00200 ,0.451, 0.454, 0.799, 0.000, 0.000 
00201 ,0.446, 0.449, 0.804, 0.000, 0.000 
00202 ,0.441, 0.444, 0.808, 0.000, 0.000 
00203 ,0.436, 0.439, 0.813, 0.000, 0.000 
00204 ,0.431, 0.434, 0.817, 0.000, 0.000 
00205 ,0.426, 0.429, 0.822, 0.000, 0.000 
00206 ,0.421, 0.424, 0.826, 0.000, 0.000 
00207 ,0.416, 0.419, 0.830, 0.000, 0.000 
00208 ,0.412, 0.413, 0.834, 0.000, 0.000 
00209 ,0.407, 0.408, 0.838, 0.000, 0.000 
00210 ,0.402, 0.403, 0.842, 0.000, 0.000 
00211 ,0.397, 0.398, 0.846, 0.000, 0.000 
00212 ,0.392, 0.393, 0.850, 0.000, 0.000 
00213 ,0.387, 0.388, 0.854, 0.000, 0.000 
00214 ,0.382, 0.383, 0.858, 0.000, 0.000 
00215 ,0.377, 0.378, 0.862, 0.000, 0.000 
00216 ,0.372, 0.373, 0.866, 0.000, 0.000 
00217 ,0.367, 0.368, 0.870, 0.000, 0.000 
00218 ,0.362, 0.363, 0.873, 0.000, 0.000 
00219 ,0.357, 0.358, 0.877, 0.000, 0.001 
00220 ,0.352, 0.353, 0.880, 0.000, 0.000 
00221 ,0.347, 0.348, 0.884, 0.000, 0.000 
00222 ,0.342, 0.343, 0.887, 0.000, 0.000 
00223 ,0.337, 0.338, 0.891, 0.000, 0.000 
00224 ,0.332, 0.333, 0.894, 0.000, 0.000 
00225 ,0.327, 0.328, 0.898, 0.000, 0.001 
00226 ,0.322, 0.323, 0.901, 0.000, 0.000 
00227 ,0.317, 0.318, 0.904, 0.000, 0.000 
00228 ,0.312, 0.313, 0.907, 0.000, 0.000 
00229 ,0.307, 0.308, 0.910, 0.000, 0.001 
00230 ,0.302, 0.303, 0.913, 0.000, 0.000 
00231 ,0.297, 0.298, 0.916, 0.000, 0.000 
00232 ,0.292, 0.293, 0.919, 0.000, 0.000 
00233 ,0.287, 0.288, 0.922, 0.000, 0.000 
00234 ,0.282, 0.283, 0.925, 0.000, 0.000 
00235 ,0.278, 0.277, 0.928, 0.000, 0.000 
00236 ,0.273, 0.272, 0.931, 0.000, 0.000 
00237 ,0.268, 0.267, 0.934, 0.000, 0.000 
00238 ,0.263, 0.262, 0.936, 0.000, 0.000 
00239 ,0.258, 0.257, 0.939, 0.000, 0.000 
00240 ,0.253, 0.252, 0.941, 0.000, 0.000 
00241 ,0.248, 0.247, 0.944, 0.000, 0.001 
00242 ,0.243, 0.242, 0.946, 0.000, 0.000 
00243 ,0.238, 0.237, 0.949, 0.000, 0.000 
00244 ,0.233, 0.232, 0.951, 0.000, 0.000 
00245 ,0.228, 0.227, 0.954, 0.000, 0.000 
00246 ,0.223, 0.222, 0.956, 0.000, 0.000 
00247 ,0.218, 0.217, 0.958, 0.000, 0.000 
00248 ,0.213, 0.212, 0.960, 0.000, 0.001 
00249 ,0.208, 0.207, 0.962, 0.000, 0.000 
00250 ,0.203, 0.202, 0.964, 0.000, 0.001 
00251 ,0.198, 0.197, 0.966, 0.000, 0.000 
00252 ,0.193, 0.192, 0.968, 0.000, 0.000 
00253 ,0.188, 0.187, 0.970, 0.000, 0.000 
00254 ,0.183, 0.182, 0.972, 0.000, 0.000 
00255 ,0.178, 0.177, 0.974, 0.000, 0.000 
00256 ,0.173, 0.172, 0.976, 0.000, 0.000 
00257 ,0.168, 0.167, 0.978, 0.000, 0.001 
00258 ,0.163, 0.162, 0.979, 0.000, 0.000 
00259 ,0.158, 0.157, 0.981, 0.000, 0.000 
00260 ,0.153, 0.152, 0.982, 0.000, 0.000 
00261 ,0.149, 0.146, 0.984, 0.000, 0.000 
00262 ,0.144, 0.141, 0.985, 0.000, 0.001 
00263 ,0.139, 0.136, 0.987, 0.000, 0.000 
00264 ,0.134, 0.131, 0.988, 0.000, 0.000 
00265 ,0.129, 0.126, 0.990, 0.000, 0.001 
00266 ,0.124, 0.121, 0.991, 0.000, 0.000 
00267 ,0.119, 0.116, 0.992, 0.000, 0.000 
00268 ,0.114, 0.111, 0.993, 0.000, 0.000 
00269 ,0.109, 0.106, 0.994, 0.000, 0.001 
00270 ,0.104, 0.101, 0.995, 0.000, 0.000 
00271 ,0.099, 0.096, 0.996, 0.000, 0.000 
00272 ,0.094, 0.091, 0.997, 0.000, 0.000 
00273 ,0.089, 0.086, 0.998, 0.000, 0.001 
00274 ,0.084, 0.081, 0.999, 0.000, 0.000 
00275 ,0.079, 0.076, 1.000, 0.000, 0.000 
00276 ,0.000, 0.000, 1.001, 0.000, 0.000 
00000 ,0.000, 0.000, 1.002, 0.000, 0.000 
00001 ,0.005, -0.005, 1.002, 0.000, 0.000 
00002 ,0.010, -0.010, 1.002, 0.000, 0.000 
00003 ,0.015, -0.015, 1.002, 0.000, 0.000 
00004 ,0.020, -0.020, 1.002, 0.000, -0.000 
00005 ,0.025, -0.025, 1.002, 0.000, -0.001 
00006 ,0.030, -0.030, 1.002, 0.000, -0.002 
00007 ,0.035, -0.035, 1.002, 0.000, -0.004 
00008 ,0.040, -0.040, 1.002, 0.000, -0.006 
00009 ,0.045, -0.045, 1.002, 0.000, -0.008 
00010 ,0.050, -0.050, 1.002, 0.000, -0.011 
00011 ,0.055, -0.055, 1.002, 0.000, -0.015 
00012 ,0.060, -0.060, 1.002, 0.000, -0.019 
00013 ,0.065, -0.065, 1.002, 0.000, -0.022 
00014 ,0.070, -0.070, 1.002, 0.000, -0.026 
00015 ,0.075, -0.075, 1.002, 0.000, -0.031 
00016 ,0.080, -0.080, 1.002, 0.000, -0.035 
00017 ,0.085, -0.085, 1.002, 0.000, -0.041 
00018 ,0.090, -0.090, 1.002, 0.000, -0.047 
00019 ,0.095, -0.095, 1.002, 0.000, -0.053 
00020 ,0.100, -0.100, 1.002, 0.000, -0.060 
00021 ,0.105, -0.105, 1.002, 0.000, -0.067 
00022 ,0.110, -0.110, 1.002, 0.000, -0.074 
00023 ,0.115, -0.115, 1.002, 0.000, -0.082 
00024 ,0.120, -0.120, 1.002, 0.000, -0.091 
00025 ,0.125, -0.125, 1.002, 0.000, -0.099 
00026 ,0.130, -0.130, 1.002, 0.000, -0.108 
00027 ,0.135, -0.135, 1.002, 0.000, -0.118 
00028 ,0.140, -0.140, 1.002, 0.000, -0.128 
00029 ,0.145, -0.145, 1.002, 0.000, -0.138 
00030 ,0.150, -0.150, 1.002, 0.000, -0.149 
00031 ,0.155, -0.155, 1.002, 0.000, -0.159 
00032 ,0.160, -0.160, 1.002, 0.000, -0.171 
00033 ,0.165, -0.165, 1.002, 0.000, -0.182 
00034 ,0.170, -0.170, 1.002, 0.000, -0.195 
00035 ,0.175, -0.175, 1.002, 0.000, -0.207 
00036 ,0.180, -0.180, 1.002, 0.000, -0.220 
00037 ,0.185, -0.185, 1.002, 0.000, -0.233 
00038 ,0.190, -0.190, 1.002, 0.000, -0.247 
00039 ,0.195, -0.195, 1.002, 0.000, -0.260 
00040 ,0.200, -0.200, 1.002, 0.000, -0.275 
00041 ,0.205, -0.205, 1.002, 0.000, -0.290 
00042 ,0.210, -0.210, 1.002, 0.000, -0.305 
00043 ,0.215, -0.215, 1.002, 0.000, -0.321 
00044 ,0.220, -0.220, 1.002, 0.000, -0.337 
00045 ,0.225, -0.225, 1.002, 0.000, -0.353 
00046 ,0.230, -0.230, 1.002, 0.000, -0.370 
00047 ,0.235, -0.235, 1.002, 0.000, -0.387 
00048 ,0.240, -0.240, 1.002, 0.000, -0.405 
00049 ,0.245, -0.245, 1.002, 0.000, -0.422 
00050 ,0.250, -0.250, 1.002, 0.000, -0.441 
00051 ,0.255, -0.255, 1.002, 0.000, -0.459 
00052 ,0.260, -0.260, 1.002, 0.000, -0.478 
00053 ,0.265, -0.265, 1.002, 0.000, -0.498 
00054 ,0.270, -0.270, 1.002, 0.000, -0.517 
00055 ,0.275, -0.275, 1.002, 0.000, -0.537 
00056 ,0.280, -0.280, 1.002, 0.000, -0.558 
00057 ,0.285, -0.285, 1.002, 0.000, -0.579 
00058 ,0.290, -0.290, 1.002, 0.000, -0.601 
00059 ,0.295, -0.295, 1.002, 0.000, -0.622 
00060 ,0.300, -0.300, 1.002, 0.000, -0.645 
00061 ,0.300, -0.300, 1.002, 0.000, -0.667 
00062 ,0.300, -0.300, 1.002, 0.000, -0.690 
00063 ,0.300, -0.300, 1.002, 0.000, -0.713 
00064 ,0.300, -0.300, 1.002, 0.000, -0.736 
00065 ,0.300, -0.300, 1.002, 0.000, -0.759 
00066 ,0.300, -0.300, 1.002, 0.000, -0.782 
00067 ,0.300, -0.300, 1.002, 0.000, -0.805 
00068 ,0.300, -0.300, 1.002, 0.000, -0.828 
00069 ,0.300, -0.300, 1.002, 0.000, -0.851 
00070 ,0.300, -0.300, 1.002, 0.000, -0.874 
00071 ,0.295, -0.295, 1.002, 0.000, -0.898 
00072 ,0.290, -0.290, 1.002, 0.000, -0.921 
00073 ,0.285, -0.285, 1.002, 0.000, -0.943 
00074 ,0.280, -0.280, 1.002, 0.000, -0.965 
00075 ,0.275, -0.275, 1.002, 0.000, -0.986 
00076 ,0.270, -0.270, 1.002, 0.000, -1.007 
00077 ,0.265, -0.265, 1.002, 0.000, -1.028 
00078 ,0.260, -0.260, 1.002, 0.000, -1.048 
00079 ,0.255, -0.255, 1.002, 0.000, -1.067 
00080 ,0.250, -0.250, 1.002, 0.000, -1.087 
00081 ,0.245, -0.245, 1.002, 0.000, -1.106 
00082 ,0.240, -0.240, 1.002, 0.000, -1.125 
00083 ,0.235, -0.235, 1.002, 0.000, -1.143 
00084 ,0.230, -0.230, 1.002, 0.000, -1.161 
00085 ,0.225, -0.225, 1.002, 0.000, -1.179 
00086 ,0.220, -0.220, 1.002, 0.000, -1.195 
00087 ,0.215, -0.215, 1.002, 0.000, -1.212 
00088 ,0.210, -0.210, 1.002, 0.000, -1.228 
00089 ,0.205, -0.205, 1.002, 0.000, -1.244 
00090 ,0.200, -0.200, 1.002, 0.000, -1.260 
00091 ,0.195, -0.195, 1.002, 0.000, -1.275 
00092 ,0.190, -0.190, 1.002, 0.000, -1.290 
00093 ,0.185, -0.185, 1.002, 0.000, -1.305 
00094 ,0.180, -0.180, 1.002, 0.000, -1.318 
00095 ,0.175, -0.175, 1.002, 0.000, -1.332 
00096 ,0.170, -0.170, 1.002, 0.000, -1.345 
00097 ,0.165, -0.165, 1.002, 0.000, -1.358 
00098 ,0.160, -0.160, 1.002, 0.000, -1.371 
00099 ,0.155, -0.155, 1.002, 0.000, -1.383 
00100 ,0.150, -0.150, 1.002, 0.000, -1.394 
00101 ,0.155, -0.155, 1.002, 0.000, -1.406 
00102 ,0.150, -0.150, 1.002, 0.000, -1.417 
00103 ,0.145, -0.145, 1.002, 0.000, -1.428 
00104 ,0.140, -0.140, 1.002, 0.000, -1.439 
00105 ,0.135, -0.135, 1.002, 0.000, -1.450 
00106 ,0.130, -0.130, 1.002, 0.000, -1.460 
00107 ,0.125, -0.125, 1.002, 0.000, -1.470 
00108 ,0.120, -0.120, 1.002, 0.000, -1.479 
00109 ,0.115, -0.115, 1.002, 0.000, -1.488 
00110 ,0.110, -0.110, 1.002, 0.000, -1.497 
00111 ,0.105, -0.105, 1.002, 0.000, -1.505 
00112 ,0.100, -0.100, 1.002, 0.000, -1.513 
00113 ,0.095, -0.095, 1.002, 0.000, -1.521 
00114 ,0.090, -0.090, 1.002, 0.000, -1.528 
00115 ,0.085, -0.085, 1.002, 0.000, -1.534 
00116 ,0.080, -0.080, 1.002, 0.000, -1.541 
00117 ,0.075, -0.075, 1.002, 0.000, -1.547 
00118 ,0.070, -0.070, 1.002, 0.000, -1.552 
00119 ,0.065, -0.065, 1.002, 0.000, -1.558 
00120 ,0.060, -0.060, 1.002, 0.000, -1.562 
00121 ,0.055, -0.055, 1.002, 0.000, -1.567 
00122 ,0.050, -0.050, 1.002, 0.000, -1.571 
00123 ,0.045, -0.045, 1.002, 0.000, -1.575 
00124 ,0.040, -0.040, 1.002, 0.000, -1.578 
00125 ,0.035, -0.035, 1.002, 0.000, -1.580 
00126 ,0.000, 0.000, 1.002, 0.000, -1.583 
00000 ,0.000, 0.000, 1.002, 0.000, -1.585 
00001 ,0.004, 0.006, 1.002, 0.000, -1.585 
00002 ,0.007, 0.013, 1.002, 0.000, -1.585 
00003 ,0.011, 0.019, 1.002, 0.000, -1.585 
00004 ,0.015, 0.025, 1.002, 0.000, -1.585 
00005 ,0.019, 0.031, 1.002, 0.000, -1.585 
00006 ,0.022, 0.038, 1.002, 0.000, -1.585 
00007 ,0.026, 0.044, 1.002, -0.000, -1.584 
00008 ,0.030, 0.050, 1.002, -0.000, -1.583 
00009 ,0.034, 0.056, 1.002, -0.001, -1.582 
00010 ,0.038, 0.062, 1.002, -0.001, -1.582 
00011 ,0.042, 0.068, 1.002, -0.001, -1.582 
00012 ,0.046, 0.074, 1.002, -0.002, -1.580 
00013 ,0.050, 0.080, 1.002, -0.002, -1.580 
00014 ,0.054, 0.086, 1.002, -0.003, -1.578 
00015 ,0.059, 0.091, 1.002, -0.003, -1.578 
00016 ,0.063, 0.097, 1.002, -0.004, -1.577 
00017 ,0.068, 0.102, 1.002, -0.005, -1.575 
00018 ,0.072, 0.108, 1.002, -0.005, -1.574 
00019 ,0.077, 0.113, 1.002, -0.006, -1.572 
00020 ,0.082, 0.118, 1.002, -0.007, -1.571 
00021 ,0.087, 0.123, 1.002, -0.008, -1.569 
00022 ,0.092, 0.128, 1.002, -0.009, -1.568 
00023 ,0.097, 0.133, 1.002, -0.010, -1.567 
00024 ,0.102, 0.138, 1.002, -0.011, -1.565 
00025 ,0.108, 0.142, 1.002, -0.012, -1.564 
00026 ,0.113, 0.147, 1.002, -0.013, -1.563 
00027 ,0.119, 0.151, 1.002, -0.014, -1.562 
00028 ,0.125, 0.155, 1.002, -0.015, -1.560 
00029 ,0.131, 0.159, 1.002, -0.017, -1.559 
00030 ,0.137, 0.163, 1.002, -0.018, -1.558 
00031 ,0.143, 0.167, 1.002, -0.019, -1.557 
00032 ,0.149, 0.171, 1.002, -0.021, -1.556 
00033 ,0.155, 0.175, 1.002, -0.022, -1.555 
00034 ,0.161, 0.179, 1.002, -0.024, -1.554 
00035 ,0.168, 0.182, 1.002, -0.025, -1.553 
00036 ,0.174, 0.186, 1.002, -0.027, -1.552 
00037 ,0.181, 0.189, 1.002, -0.029, -1.552 
00038 ,0.187, 0.193, 1.002, -0.030, -1.552 
00039 ,0.194, 0.196, 1.002, -0.032, -1.551 
00040 ,0.201, 0.199, 1.002, -0.034, -1.551 
00041 ,0.207, 0.203, 1.002, -0.036, -1.551 
00042 ,0.214, 0.206, 1.002, -0.038, -1.552 
00043 ,0.221, 0.209, 1.002, -0.040, -1.551 
00044 ,0.227, 0.213, 1.002, -0.042, -1.552 
00045 ,0.234, 0.216, 1.002, -0.044, -1.553 
00046 ,0.240, 0.220, 1.002, -0.046, -1.553 
00047 ,0.247, 0.223, 1.002, -0.048, -1.554 
00048 ,0.253, 0.227, 1.002, -0.050, -1.555 
00049 ,0.259, 0.231, 1.002, -0.053, -1.556 
00050 ,0.266, 0.234, 1.002, -0.055, -1.557 
00051 ,0.272, 0.238, 1.002, -0.057, -1.558 
00052 ,0.278, 0.242, 1.002, -0.060, -1.559 
00053 ,0.284, 0.246, 1.002, -0.062, -1.560 
00054 ,0.290, 0.250, 1.002, -0.065, -1.562 
00055 ,0.296, 0.254, 1.002, -0.067, -1.563 
00056 ,0.301, 0.259, 1.002, -0.070, -1.564 
00057 ,0.307, 0.263, 1.002, -0.073, -1.565 
00058 ,0.312, 0.268, 1.002, -0.075, -1.567 
00059 ,0.317, 0.273, 1.002, -0.078, -1.569 
00060 ,0.322, 0.278, 1.002, -0.081, -1.571 
00061 ,0.327, 0.283, 1.002, -0.084, -1.573 
00062 ,0.332, 0.288, 1.002, -0.087, -1.575 
00063 ,0.337, 0.293, 1.002, -0.090, -1.576 
00064 ,0.341, 0.299, 1.002, -0.093, -1.578 
00065 ,0.346, 0.304, 1.002, -0.096, -1.579 
00066 ,0.350, 0.310, 1.002, -0.099, -1.581 
00067 ,0.354, 0.316, 1.002, -0.102, -1.583 
00068 ,0.358, 0.322, 1.002, -0.105, -1.585 
00069 ,0.362, 0.328, 1.002, -0.109, -1.586 
00070 ,0.365, 0.335, 1.002, -0.112, -1.588 
00071 ,0.369, 0.341, 1.002, -0.115, -1.589 
00072 ,0.372, 0.348, 1.002, -0.119, -1.590 
00073 ,0.376, 0.354, 1.002, -0.122, -1.591 
00074 ,0.379, 0.361, 1.002, -0.126, -1.592 
00075 ,0.382, 0.368, 1.002, -0.129, -1.593 
00076 ,0.385, 0.375, 1.002, -0.133, -1.593 
00077 ,0.388, 0.382, 1.002, -0.137, -1.594 
00078 ,0.391, 0.389, 1.002, -0.140, -1.595 
00079 ,0.394, 0.396, 1.001, -0.144, -1.595 
00080 ,0.397, 0.403, 1.001, -0.148, -1.595 
00081 ,0.400, 0.410, 1.001, -0.152, -1.595 
00082 ,0.403, 0.417, 1.001, -0.156, -1.594 
00083 ,0.406, 0.424, 1.001, -0.160, -1.594 
00084 ,0.409, 0.431, 1.001, -0.164, -1.594 
00085 ,0.412, 0.438, 1.001, -0.168, -1.593 
00086 ,0.415, 0.445, 1.001, -0.172, -1.592 
00087 ,0.418, 0.452, 1.001, -0.176, -1.591 
00088 ,0.421, 0.459, 1.001, -0.180, -1.590 
00089 ,0.425, 0.465, 1.001, -0.185, -1.589 
00090 ,0.428, 0.472, 1.001, -0.189, -1.588 
00091 ,0.432, 0.478, 1.000, -0.193, -1.586 
00092 ,0.435, 0.485, 1.000, -0.198, -1.584 
00093 ,0.439, 0.491, 1.000, -0.202, -1.582 
00094 ,0.443, 0.497, 1.000, -0.207, -1.580 
00095 ,0.447, 0.503, 1.000, -0.211, -1.578 
00096 ,0.452, 0.508, 1.000, -0.216, -1.577 
00097 ,0.456, 0.514, 1.000, -0.221, -1.574 
00098 ,0.461, 0.519, 1.000, -0.225, -1.572 
00099 ,0.466, 0.524, 1.000, -0.230, -1.570 
00100 ,0.471, 0.529, 1.000, -0.240, -1.565 
00101 ,0.476, 0.534, 1.000, -0.245, -1.563 
00102 ,0.482, 0.538, 1.000, -0.250, -1.562 
00103 ,0.488, 0.542, 1.000, -0.255, -1.559 
00104 ,0.493, 0.547, 1.000, -0.260, -1.557 
00105 ,0.500, 0.550, 1.001, -0.265, -1.555 
00106 ,0.506, 0.554, 1.001, -0.270, -1.553 
00107 ,0.512, 0.558, 1.001, -0.275, -1.551 
00108 ,0.519, 0.561, 1.001, -0.280, -1.549 
00109 ,0.526, 0.564, 1.001, -0.285, -1.547 
00110 ,0.533, 0.567, 1.001, -0.291, -1.545 
00111 ,0.540, 0.570, 1.001, -0.296, -1.544 
00112 ,0.547, 0.573, 1.001, -0.302, -1.542 
00113 ,0.555, 0.575, 1.002, -0.307, -1.542 
00114 ,0.562, 0.578, 1.002, -0.313, -1.541 
00115 ,0.570, 0.580, 1.002, -0.318, -1.540 
00116 ,0.577, 0.583, 1.002, -0.324, -1.539 
00117 ,0.585, 0.585, 1.002, -0.329, -1.539 
00118 ,0.593, 0.587, 1.002, -0.335, -1.538 
00119 ,0.600, 0.590, 1.003, -0.341, -1.539 
00120 ,0.603, 0.592, 1.003, -0.347, -1.539 
00121 ,0.603, 0.594, 1.003, -0.353, -1.539 
00122 ,0.603, 0.597, 1.003, -0.358, -1.540 
00123 ,0.603, 0.599, 1.003, -0.364, -1.540 
00124 ,0.603, 0.601, 1.004, -0.370, -1.541 
00125 ,0.603, 0.604, 1.004, -0.376, -1.541 
00126 ,0.602, 0.598, 1.004, -0.382, -1.541 
00127 ,0.602, 0.600, 1.004, -0.388, -1.541 
00128 ,0.602, 0.603, 1.004, -0.394, -1.541 
00129 ,0.602, 0.598, 1.004, -0.400, -1.541 
00130 ,0.602, 0.600, 1.005, -0.406, -1.541 
00131 ,0.602, 0.603, 1.005, -0.412, -1.542 
00132 ,0.602, 0.598, 1.005, -0.418, -1.542 
00133 ,0.602, 0.600, 1.005, -0.424, -1.542 
00134 ,0.602, 0.603, 1.005, -0.430, -1.542 
00135 ,0.602, 0.598, 1.005, -0.436, -1.542 
00136 ,0.602, 0.600, 1.006, -0.442, -1.542 
00137 ,0.602, 0.603, 1.006, -0.448, -1.542 
00138 ,0.602, 0.598, 1.006, -0.454, -1.543 
00139 ,0.602, 0.600, 1.006, -0.460, -1.543 
00140 ,0.602, 0.603, 1.006, -0.466, -1.543 
00141 ,0.602, 0.598, 1.006, -0.472, -1.543 
00142 ,0.602, 0.600, 1.007, -0.478, -1.543 
00143 ,0.602, 0.603, 1.007, -0.484, -1.543 
00144 ,0.602, 0.598, 1.007, -0.490, -1.543 
00145 ,0.602, 0.600, 1.007, -0.496, -1.543 
00146 ,0.602, 0.603, 1.007, -0.501, -1.544 
00147 ,0.602, 0.598, 1.007, -0.507, -1.544 
00148 ,0.602, 0.600, 1.008, -0.513, -1.544 
00149 ,0.602, 0.603, 1.008, -0.519, -1.544 
00150 ,0.602, 0.598, 1.008, -0.525, -1.544 
00151 ,0.602, 0.601, 1.008, -0.531, -1.544 
00152 ,0.602, 0.603, 1.008, -0.537, -1.544 
00153 ,0.602, 0.598, 1.008, -0.543, -1.545 
00154 ,0.602, 0.601, 1.009, -0.549, -1.545 
00155 ,0.602, 0.603, 1.009, -0.555, -1.545 
00156 ,0.602, 0.598, 1.009, -0.561, -1.545 
00157 ,0.602, 0.601, 1.009, -0.567, -1.545 
00158 ,0.602, 0.603, 1.009, -0.573, -1.545 
00159 ,0.602, 0.598, 1.009, -0.579, -1.545 
00160 ,0.602, 0.601, 1.009, -0.585, -1.545 
00161 ,0.602, 0.604, 1.010, -0.591, -1.546 
00162 ,0.602, 0.598, 1.010, -0.597, -1.546 
00163 ,0.602, 0.601, 1.010, -0.603, -1.545 
00164 ,0.602, 0.604, 1.010, -0.609, -1.546 
00165 ,0.602, 0.598, 1.010, -0.615, -1.546 
00166 ,0.602, 0.601, 1.010, -0.621, -1.546 
00167 ,0.602, 0.604, 1.011, -0.627, -1.547 
00168 ,0.602, 0.598, 1.011, -0.633, -1.547 
00169 ,0.602, 0.601, 1.011, -0.639, -1.547 
00170 ,0.599, 0.594, 1.011, -0.645, -1.547 
00171 ,0.596, 0.587, 1.011, -0.651, -1.547 
00172 ,0.593, 0.580, 1.011, -0.656, -1.547 
00173 ,0.590, 0.573, 1.011, -0.662, -1.547 
00174 ,0.587, 0.566, 1.012, -0.668, -1.548 
00175 ,0.584, 0.559, 1.012, -0.674, -1.549 
00176 ,0.581, 0.552, 1.012, -0.680, -1.550 
00177 ,0.578, 0.545, 1.012, -0.685, -1.551 
00178 ,0.574, 0.539, 1.012, -0.691, -1.552 
00179 ,0.571, 0.532, 1.012, -0.696, -1.553 
00180 ,0.567, 0.526, 1.012, -0.702, -1.554 
00181 ,0.564, 0.519, 1.012, -0.707, -1.556 
00182 ,0.560, 0.513, 1.012, -0.713, -1.558 
00183 ,0.556, 0.507, 1.012, -0.718, -1.560 
00184 ,0.552, 0.501, 1.012, -0.723, -1.561 
00185 ,0.548, 0.495, 1.012, -0.729, -1.563 
00186 ,0.543, 0.490, 1.013, -0.734, -1.565 
00187 ,0.539, 0.484, 1.013, -0.739, -1.567 
00188 ,0.534, 0.479, 1.013, -0.744, -1.569 
00189 ,0.529, 0.474, 1.013, -0.749, -1.571 
00190 ,0.524, 0.469, 1.013, -0.754, -1.573 
00191 ,0.519, 0.464, 1.013, -0.759, -1.575 
00192 ,0.513, 0.459, 1.012, -0.764, -1.577 
00193 ,0.508, 0.455, 1.012, -0.769, -1.580 
00194 ,0.502, 0.451, 1.012, -0.773, -1.582 
00195 ,0.496, 0.447, 1.012, -0.778, -1.584 
00196 ,0.490, 0.443, 1.012, -0.783, -1.586 
00197 ,0.484, 0.439, 1.012, -0.787, -1.588 
00198 ,0.477, 0.436, 1.012, -0.792, -1.589 
00199 ,0.471, 0.432, 1.012, -0.796, -1.591 
00200 ,0.464, 0.429, 1.012, -0.801, -1.592 
00201 ,0.457, 0.426, 1.012, -0.805, -1.594 
00202 ,0.450, 0.423, 1.012, -0.810, -1.595 
00203 ,0.443, 0.420, 1.012, -0.814, -1.597 
00204 ,0.436, 0.417, 1.011, -0.818, -1.598 
00205 ,0.428, 0.415, 1.011, -0.823, -1.599 
00206 ,0.421, 0.412, 1.011, -0.827, -1.599 
00207 ,0.413, 0.409, 1.011, -0.831, -1.600 
00208 ,0.406, 0.407, 1.011, -0.835, -1.600 
00209 ,0.408, 0.415, 1.011, -0.839, -1.601 
00210 ,0.401, 0.412, 1.011, -0.843, -1.601 
00211 ,0.393, 0.410, 1.011, -0.847, -1.600 
00212 ,0.386, 0.407, 1.011, -0.851, -1.600 
00213 ,0.388, 0.415, 1.010, -0.855, -1.599 
00214 ,0.381, 0.412, 1.010, -0.859, -1.599 
00215 ,0.373, 0.410, 1.010, -0.863, -1.598 
00216 ,0.366, 0.407, 1.010, -0.867, -1.597 
00217 ,0.369, 0.414, 1.010, -0.870, -1.595 
00218 ,0.362, 0.411, 1.010, -0.874, -1.593 
00219 ,0.355, 0.408, 1.010, -0.878, -1.592 
00220 ,0.348, 0.405, 1.010, -0.882, -1.590 
00221 ,0.341, 0.402, 1.010, -0.886, -1.588 
00222 ,0.335, 0.398, 1.010, -0.889, -1.586 
00223 ,0.328, 0.394, 1.010, -0.893, -1.584 
00224 ,0.322, 0.391, 1.010, -0.897, -1.581 
00225 ,0.316, 0.387, 1.010, -0.900, -1.578 
00226 ,0.311, 0.382, 1.010, -0.904, -1.575 
00227 ,0.305, 0.378, 1.009, -0.907, -1.573 
00228 ,0.300, 0.373, 1.009, -0.910, -1.570 
00229 ,0.295, 0.368, 1.010, -0.914, -1.568 
00230 ,0.290, 0.363, 1.010, -0.917, -1.565 
00231 ,0.286, 0.357, 1.010, -0.920, -1.562 
00232 ,0.282, 0.351, 1.010, -0.923, -1.560 
00233 ,0.277, 0.346, 1.010, -0.926, -1.557 
00234 ,0.274, 0.339, 1.010, -0.930, -1.554 
00235 ,0.270, 0.333, 1.010, -0.933, -1.552 
00236 ,0.267, 0.326, 1.010, -0.936, -1.549 
00237 ,0.263, 0.320, 1.010, -0.938, -1.547 
00238 ,0.260, 0.313, 1.010, -0.941, -1.544 
00239 ,0.258, 0.305, 1.010, -0.944, -1.542 
00240 ,0.255, 0.298, 1.010, -0.947, -1.540 
00241 ,0.253, 0.290, 1.010, -0.950, -1.538 
00242 ,0.250, 0.283, 1.010, -0.952, -1.537 
00243 ,0.248, 0.275, 1.010, -0.955, -1.536 
00244 ,0.246, 0.267, 1.010, -0.958, -1.534 
00245 ,0.244, 0.259, 1.011, -0.960, -1.533 
00246 ,0.242, 0.251, 1.011, -0.963, -1.532 
00247 ,0.241, 0.242, 1.011, -0.965, -1.532 
00248 ,0.239, 0.234, 1.011, -0.967, -1.532 
00249 ,0.237, 0.226, 1.011, -0.970, -1.531 
00250 ,0.236, 0.217, 1.011, -0.972, -1.532 
00251 ,0.234, 0.209, 1.011, -0.974, -1.532 
00252 ,0.232, 0.201, 1.011, -0.977, -1.532 
00253 ,0.230, 0.193, 1.011, -0.979, -1.534 
00254 ,0.229, 0.184, 1.011, -0.981, -1.535 
00255 ,0.227, 0.176, 1.011, -0.983, -1.537 
00256 ,0.224, 0.169, 1.012, -0.985, -1.538 
00257 ,0.222, 0.161, 1.012, -0.987, -1.540 
00258 ,0.220, 0.153, 1.012, -0.989, -1.542 
00259 ,0.217, 0.146, 1.012, -0.990, -1.545 
00260 ,0.214, 0.139, 1.012, -0.992, -1.547 
00261 ,0.211, 0.132, 1.012, -0.994, -1.550 
00262 ,0.208, 0.125, 1.012, -0.996, -1.552 
00263 ,0.205, 0.118, 1.012, -0.997, -1.556 
00264 ,0.201, 0.112, 1.012, -0.999, -1.559 
00265 ,0.197, 0.106, 1.012, -1.000, -1.562 
00266 ,0.000, 0.000, 1.012, -1.002, -1.565 
00000 ,0.000, 0.000, 1.012, -1.003, -1.569 
00001 ,0.005, -0.005, 1.012, -1.003, -1.569 
00002 ,0.010, -0.010, 1.012, -1.003, -1.569 
00003 ,0.015, -0.015, 1.012, -1.003, -1.569 
00004 ,0.020, -0.020, 1.012, -1.003, -1.569 
00005 ,0.025, -0.025, 1.012, -1.003, -1.570 
00006 ,0.030, -0.030, 1.012, -1.003, -1.572 
00007 ,0.035, -0.035, 1.012, -1.003, -1.573 
00008 ,0.040, -0.040, 1.012, -1.003, -1.576 
00009 ,0.045, -0.045, 1.012, -1.003, -1.578 
00010 ,0.050, -0.050, 1.012, -1.003, -1.581 
00011 ,0.055, -0.055, 1.012, -1.003, -1.584 
00012 ,0.060, -0.060, 1.012, -1.003, -1.588 
00013 ,0.065, -0.065, 1.012, -1.003, -1.591 
00014 ,0.070, -0.070, 1.012, -1.003, -1.595 
00015 ,0.075, -0.075, 1.012, -1.003, -1.600 
00016 ,0.080, -0.080, 1.012, -1.003, -1.605 
00017 ,0.085, -0.085, 1.012, -1.003, -1.610 
00018 ,0.090, -0.090, 1.012, -1.003, -1.617 
00019 ,0.095, -0.095, 1.012, -1.003, -1.623 
00020 ,0.100, -0.100, 1.012, -1.003, -1.629 
00021 ,0.105, -0.105, 1.012, -1.003, -1.636 
00022 ,0.110, -0.110, 1.012, -1.003, -1.644 
00023 ,0.115, -0.115, 1.012, -1.003, -1.652 
00024 ,0.120, -0.120, 1.012, -1.003, -1.660 
00025 ,0.125, -0.125, 1.012, -1.003, -1.669 
00026 ,0.130, -0.130, 1.012, -1.003, -1.678 
00027 ,0.135, -0.135, 1.012, -1.003, -1.687 
00028 ,0.140, -0.140, 1.012, -1.003, -1.697 
00029 ,0.145, -0.145, 1.012, -1.003, -1.707 
00030 ,0.150, -0.150, 1.012, -1.003, -1.718 
00031 ,0.155, -0.155, 1.012, -1.003, -1.729 
00032 ,0.160, -0.160, 1.012, -1.003, -1.740 
00033 ,0.165, -0.165, 1.012, -1.003, -1.752 
00034 ,0.170, -0.170, 1.012, -1.003, -1.764 
00035 ,0.175, -0.175, 1.012, -1.003, -1.777 
00036 ,0.180, -0.180, 1.012, -1.003, -1.789 
00037 ,0.185, -0.185, 1.012, -1.003, -1.803 
00038 ,0.190, -0.190, 1.012, -1.003, -1.816 
00039 ,0.195, -0.195, 1.012, -1.003, -1.830 
00040 ,0.200, -0.200, 1.012, -1.003, -1.845 
00041 ,0.205, -0.205, 1.012, -1.003, -1.859 
00042 ,0.210, -0.210, 1.012, -1.003, -1.875 
00043 ,0.215, -0.215, 1.012, -1.003, -1.890 
00044 ,0.220, -0.220, 1.012, -1.003, -1.907 
00045 ,0.225, -0.225, 1.012, -1.003, -1.922 
00046 ,0.230, -0.230, 1.012, -1.003, -1.940 
00047 ,0.235, -0.235, 1.012, -1.003, -1.956 
00048 ,0.240, -0.240, 1.012, -1.003, -1.974 
00049 ,0.245, -0.245, 1.012, -1.003, -1.992 
00050 ,0.250, -0.250, 1.012, -1.003, -2.010 
00051 ,0.255, -0.255, 1.012, -1.003, -2.029 
00052 ,0.260, -0.260, 1.012, -1.003, -2.048 
00053 ,0.265, -0.265, 1.012, -1.003, -2.067 
00054 ,0.270, -0.270, 1.012, -1.003, -2.087 
00055 ,0.275, -0.275, 1.012, -1.003, -2.107 
00056 ,0.280, -0.280, 1.012, -1.003, -2.128 
00057 ,0.285, -0.285, 1.012, -1.003, -2.149 
00058 ,0.290, -0.290, 1.012, -1.003, -2.170 
00059 ,0.295, -0.295, 1.012, -1.003, -2.192 
00060 ,0.300, -0.300, 1.012, -1.003, -2.214 
00061 ,0.300, -0.300, 1.012, -1.003, -2.236 
00062 ,0.300, -0.300, 1.012, -1.003, -2.260 
00063 ,0.300, -0.300, 1.012, -1.003, -2.283 
00064 ,0.300, -0.300, 1.012, -1.003, -2.305 
00065 ,0.300, -0.300, 1.012, -1.003, -2.329 
00066 ,0.300, -0.300, 1.012, -1.003, -2.352 
00067 ,0.300, -0.300, 1.012, -1.003, -2.375 
00068 ,0.300, -0.300, 1.012, -1.003, -2.398 
00069 ,0.300, -0.300, 1.012, -1.003, -2.421 
00070 ,0.300, -0.300, 1.012, -1.003, -2.444 
00071 ,0.295, -0.295, 1.012, -1.003, -2.467 
00072 ,0.290, -0.290, 1.012, -1.003, -2.490 
00073 ,0.285, -0.285, 1.012, -1.003, -2.513 
00074 ,0.280, -0.280, 1.012, -1.003, -2.534 
00075 ,0.275, -0.275, 1.012, -1.003, -2.556 
00076 ,0.270, -0.270, 1.012, -1.003, -2.577 
00077 ,0.265, -0.265, 1.012, -1.003, -2.597 
00078 ,0.260, -0.260, 1.012, -1.003, -2.617 
00079 ,0.255, -0.255, 1.012, -1.003, -2.637 
00080 ,0.250, -0.250, 1.012, -1.003, -2.656 
00081 ,0.245, -0.245, 1.012, -1.003, -2.694 
00082 ,0.240, -0.240, 1.012, -1.003, -2.712 
00083 ,0.235, -0.235, 1.012, -1.003, -2.731 
00084 ,0.230, -0.230, 1.012, -1.003, -2.749 
00085 ,0.225, -0.225, 1.012, -1.003, -2.766 
00086 ,0.220, -0.220, 1.012, -1.003, -2.783 
00087 ,0.215, -0.215, 1.012, -1.003, -2.800 
00088 ,0.210, -0.210, 1.012, -1.003, -2.816 
00089 ,0.205, -0.205, 1.012, -1.003, -2.833 
00090 ,0.200, -0.200, 1.012, -1.003, -2.848 
00091 ,0.195, -0.195, 1.012, -1.003, -2.863 
00092 ,0.190, -0.190, 1.012, -1.003, -2.878 
00093 ,0.185, -0.185, 1.012, -1.003, -2.893 
00094 ,0.180, -0.180, 1.012, -1.003, -2.906 
00095 ,0.175, -0.175, 1.012, -1.003, -2.920 
00096 ,0.170, -0.170, 1.012, -1.003, -2.934 
00097 ,0.165, -0.165, 1.012, -1.003, -2.946 
00098 ,0.160, -0.160, 1.012, -1.003, -2.959 
00099 ,0.155, -0.155, 1.012, -1.003, -2.971 
00100 ,0.150, -0.150, 1.012, -1.003, -2.982 
00101 ,0.145, -0.145, 1.012, -1.003, -2.994 
00102 ,0.140, -0.140, 1.012, -1.003, -3.005 
00103 ,0.135, -0.135, 1.012, -1.003, -3.015 
00104 ,0.130, -0.130, 1.012, -1.003, -3.026 
00105 ,0.125, -0.125, 1.012, -1.003, -3.036 
00106 ,0.120, -0.120, 1.012, -1.003, -3.045 
00107 ,0.115, -0.115, 1.012, -1.003, -3.054 
00108 ,0.110, -0.110, 1.012, -1.003, -3.063 
00109 ,0.105, -0.105, 1.012, -1.003, -3.071 
00110 ,0.100, -0.100, 1.012, -1.003, -3.079 
00111 ,0.095, -0.095, 1.012, -1.003, -3.086 
00112 ,0.090, -0.090, 1.012, -1.003, -3.094 
00113 ,0.085, -0.085, 1.012, -1.003, -3.100 
00114 ,0.080, -0.080, 1.012, -1.003, -3.106 
00115 ,0.075, -0.075, 1.012, -1.003, -3.112 
00116 ,0.070, -0.070, 1.012, -1.003, -3.118 
00117 ,0.065, -0.065, 1.012, -1.003, -3.123 
00118 ,0.060, -0.060, 1.012, -1.003, -3.128 
00119 ,0.055, -0.055, 1.012, -1.003, -3.133 
00120 ,0.050, -0.050, 1.012, -1.003, -3.136 
00121 ,0.045, -0.045, 1.012, -1.003, -3.140 
00122 ,0.040, -0.040, 1.012, -1.003, -3.143 
00123 ,0.035, -0.035, 1.012, -1.003, -3.146 
00124 ,0.030, -0.030, 1.012, -1.003, -3.149 
00125 ,0.000, 0.000, 1.012, -1.003, -3.151 
00000 ,0.000, 0.000, 1.012, -1.003, -3.153 
00001 ,0.004, 0.006, 1.012, -1.003, -3.153 
00002 ,0.008, 0.012, 1.012, -1.003, -3.153 
00003 ,0.012, 0.018, 1.012, -1.003, -3.153 
00004 ,0.016, 0.024, 1.012, -1.003, -3.153 
00005 ,0.020, 0.030, 1.012, -1.003, -3.152 
00006 ,0.024, 0.036, 1.012, -1.003, -3.152 
00007 ,0.027, 0.043, 1.012, -1.003, -3.151 
00008 ,0.031, 0.049, 1.011, -1.003, -3.151 
00009 ,0.036, 0.054, 1.011, -1.003, -3.150 
00010 ,0.040, 0.060, 1.011, -1.003, -3.150 
00011 ,0.044, 0.066, 1.010, -1.003, -3.149 
00012 ,0.048, 0.072, 1.010, -1.003, -3.148 
00013 ,0.052, 0.078, 1.009, -1.003, -3.147 
00014 ,0.057, 0.083, 1.009, -1.003, -3.146 
00015 ,0.061, 0.089, 1.008, -1.003, -3.145 
00016 ,0.066, 0.094, 1.008, -1.003, -3.144 
00017 ,0.070, 0.100, 1.007, -1.003, -3.144 
00018 ,0.075, 0.105, 1.006, -1.003, -3.142 
00019 ,0.080, 0.110, 1.006, -1.003, -3.142 
00020 ,0.085, 0.115, 1.005, -1.003, -3.140 
00021 ,0.090, 0.120, 1.004, -1.003, -3.139 
00022 ,0.095, 0.125, 1.003, -1.003, -3.137 
00023 ,0.100, 0.130, 1.002, -1.003, -3.136 
00024 ,0.105, 0.135, 1.001, -1.003, -3.134 
00025 ,0.111, 0.139, 1.000, -1.003, -3.133 
00026 ,0.116, 0.144, 0.999, -1.003, -3.132 
00027 ,0.122, 0.148, 0.998, -1.003, -3.131 
00028 ,0.128, 0.152, 0.996, -1.003, -3.130 
00029 ,0.133, 0.157, 0.995, -1.004, -3.129 
00030 ,0.139, 0.161, 0.994, -1.004, -3.128 
00031 ,0.145, 0.165, 0.992, -1.004, -3.127 
00032 ,0.151, 0.169, 0.991, -1.004, -3.126 
00033 ,0.158, 0.172, 0.989, -1.004, -3.126 
00034 ,0.164, 0.176, 0.988, -1.004, -3.125 
00035 ,0.170, 0.180, 0.986, -1.004, -3.125 
00036 ,0.176, 0.184, 0.985, -1.004, -3.124 
00037 ,0.183, 0.187, 0.983, -1.004, -3.124 
00038 ,0.189, 0.191, 0.981, -1.004, -3.124 
00039 ,0.195, 0.195, 0.979, -1.004, -3.123 
00040 ,0.202, 0.198, 0.978, -1.004, -3.123 
00041 ,0.208, 0.202, 0.976, -1.004, -3.123 
00042 ,0.215, 0.205, 0.974, -1.004, -3.124 
00043 ,0.221, 0.209, 0.972, -1.004, -3.123 
00044 ,0.227, 0.213, 0.970, -1.004, -3.124 
00045 ,0.234, 0.216, 0.968, -1.004, -3.125 
00046 ,0.240, 0.220, 0.966, -1.004, -3.125 
00047 ,0.246, 0.224, 0.964, -1.004, -3.126 
00048 ,0.252, 0.228, 0.961, -1.004, -3.126 
00049 ,0.258, 0.232, 0.959, -1.004, -3.127 
00050 ,0.265, 0.235, 0.957, -1.004, -3.129 
00051 ,0.270, 0.240, 0.954, -1.004, -3.129 
00052 ,0.276, 0.244, 0.952, -1.004, -3.130 
00053 ,0.282, 0.248, 0.949, -1.004, -3.132 
00054 ,0.288, 0.252, 0.947, -1.004, -3.133 
00055 ,0.293, 0.257, 0.944, -1.004, -3.134 
00056 ,0.299, 0.261, 0.942, -1.004, -3.136 
00057 ,0.304, 0.266, 0.939, -1.004, -3.137 
00058 ,0.310, 0.270, 0.936, -1.004, -3.138 
00059 ,0.315, 0.275, 0.934, -1.004, -3.140 
00060 ,0.320, 0.280, 0.931, -1.004, -3.141 
00061 ,0.325, 0.285, 0.928, -1.004, -3.143 
00062 ,0.329, 0.291, 0.925, -1.004, -3.144 
00063 ,0.334, 0.296, 0.922, -1.004, -3.146 
00064 ,0.339, 0.301, 0.919, -1.004, -3.146 
00065 ,0.343, 0.307, 0.916, -1.004, -3.148 
00066 ,0.347, 0.313, 0.913, -1.004, -3.149 
00067 ,0.351, 0.319, 0.909, -1.004, -3.151 
00068 ,0.356, 0.324, 0.906, -1.004, -3.152 
00069 ,0.360, 0.330, 0.903, -1.004, -3.153 
00070 ,0.363, 0.337, 0.900, -1.004, -3.155 
00071 ,0.367, 0.343, 0.896, -1.004, -3.155 
00072 ,0.371, 0.349, 0.893, -1.004, -3.157 
00073 ,0.374, 0.356, 0.889, -1.004, -3.157 
00074 ,0.378, 0.362, 0.886, -1.004, -3.159 
00075 ,0.381, 0.369, 0.882, -1.004, -3.159 
00076 ,0.385, 0.375, 0.879, -1.004, -3.159 
00077 ,0.388, 0.382, 0.875, -1.004, -3.160 
00078 ,0.391, 0.389, 0.871, -1.004, -3.161 
00079 ,0.395, 0.395, 0.868, -1.004, -3.161 
00080 ,0.398, 0.402, 0.864, -1.003, -3.161 
00081 ,0.401, 0.409, 0.860, -1.003, -3.161 
00082 ,0.404, 0.416, 0.856, -1.003, -3.161 
00083 ,0.408, 0.422, 0.852, -1.003, -3.161 
00084 ,0.411, 0.429, 0.848, -1.003, -3.160 
00085 ,0.414, 0.436, 0.844, -1.003, -3.159 
00086 ,0.417, 0.443, 0.840, -1.003, -3.159 
00087 ,0.421, 0.449, 0.836, -1.003, -3.159 
00088 ,0.424, 0.456, 0.831, -1.003, -3.157 
00089 ,0.428, 0.462, 0.827, -1.003, -3.156 
00090 ,0.431, 0.469, 0.823, -1.003, -3.155 
00091 ,0.435, 0.475, 0.818, -1.003, -3.154 
00092 ,0.439, 0.481, 0.814, -1.003, -3.153 
00093 ,0.443, 0.487, 0.809, -1.003, -3.151 
00094 ,0.447, 0.493, 0.805, -1.003, -3.149 
00095 ,0.451, 0.499, 0.800, -1.003, -3.148 
00096 ,0.455, 0.505, 0.796, -1.003, -3.146 
00097 ,0.460, 0.510, 0.791, -1.003, -3.144 
00098 ,0.464, 0.516, 0.786, -1.003, -3.142 
00099 ,0.469, 0.521, 0.782, -1.003, -3.140 
00100 ,0.474, 0.526, 0.777, -1.003, -3.138 
00101 ,0.479, 0.531, 0.772, -1.003, -3.136 
00102 ,0.485, 0.535, 0.767, -1.003, -3.134 
00103 ,0.490, 0.540, 0.762, -1.003, -3.131 
00104 ,0.496, 0.544, 0.757, -1.003, -3.129 
00105 ,0.502, 0.548, 0.752, -1.003, -3.128 
00106 ,0.508, 0.552, 0.747, -1.003, -3.126 
00107 ,0.514, 0.556, 0.742, -1.003, -3.124 
00108 ,0.520, 0.560, 0.736, -1.003, -3.122 
00109 ,0.527, 0.563, 0.731, -1.003, -3.121 
00110 ,0.534, 0.566, 0.726, -1.003, -3.120 
00111 ,0.540, 0.570, 0.720, -1.003, -3.118 
00112 ,0.547, 0.573, 0.715, -1.004, -3.117 
00113 ,0.554, 0.576, 0.709, -1.004, -3.116 
00114 ,0.561, 0.579, 0.704, -1.004, -3.115 
00115 ,0.568, 0.582, 0.698, -1.004, -3.114 
00116 ,0.575, 0.585, 0.693, -1.004, -3.114 
00117 ,0.582, 0.588, 0.687, -1.004, -3.113 
00118 ,0.590, 0.590, 0.681, -1.004, -3.113 
00119 ,0.597, 0.593, 0.676, -1.005, -3.113 
00120 ,0.604, 0.596, 0.670, -1.005, -3.112 
00121 ,0.602, 0.598, 0.664, -1.005, -3.112 
00122 ,0.602, 0.601, 0.658, -1.005, -3.113 
00123 ,0.602, 0.604, 0.652, -1.005, -3.114 
00124 ,0.602, 0.598, 0.646, -1.005, -3.113 
00125 ,0.602, 0.601, 0.640, -1.006, -3.113 
00126 ,0.602, 0.603, 0.634, -1.006, -3.114 
00127 ,0.602, 0.598, 0.628, -1.006, -3.114 
00128 ,0.602, 0.601, 0.622, -1.006, -3.114 
00129 ,0.602, 0.603, 0.616, -1.006, -3.114 
00130 ,0.602, 0.598, 0.610, -1.006, -3.114 
00131 ,0.602, 0.601, 0.604, -1.007, -3.114 
00132 ,0.602, 0.603, 0.598, -1.007, -3.114 
00133 ,0.602, 0.598, 0.592, -1.007, -3.114 
00134 ,0.602, 0.601, 0.586, -1.007, -3.114 
00135 ,0.602, 0.604, 0.581, -1.007, -3.115 
00136 ,0.602, 0.598, 0.574, -1.007, -3.115 
00137 ,0.602, 0.601, 0.569, -1.008, -3.115 
00138 ,0.602, 0.604, 0.563, -1.008, -3.115 
00139 ,0.602, 0.598, 0.557, -1.008, -3.115 
00140 ,0.602, 0.601, 0.551, -1.008, -3.115 
00141 ,0.602, 0.604, 0.545, -1.008, -3.116 
00142 ,0.602, 0.598, 0.539, -1.008, -3.116 
00143 ,0.602, 0.601, 0.533, -1.009, -3.116 
00144 ,0.602, 0.604, 0.527, -1.009, -3.116 
00145 ,0.602, 0.598, 0.521, -1.009, -3.116 
00146 ,0.602, 0.601, 0.515, -1.009, -3.116 
00147 ,0.602, 0.604, 0.509, -1.009, -3.116 
00148 ,0.602, 0.598, 0.503, -1.009, -3.116 
00149 ,0.602, 0.601, 0.497, -1.009, -3.116 
00150 ,0.602, 0.604, 0.491, -1.010, -3.117 
00151 ,0.602, 0.598, 0.485, -1.010, -3.117 
00152 ,0.602, 0.601, 0.479, -1.010, -3.117 
00153 ,0.602, 0.604, 0.473, -1.010, -3.117 
00154 ,0.602, 0.598, 0.467, -1.010, -3.117 
00155 ,0.602, 0.601, 0.461, -1.010, -3.117 
00156 ,0.602, 0.604, 0.455, -1.010, -3.118 
00157 ,0.602, 0.598, 0.449, -1.011, -3.117 
00158 ,0.602, 0.601, 0.443, -1.011, -3.118 
00159 ,0.602, 0.604, 0.437, -1.011, -3.118 
00160 ,0.602, 0.598, 0.431, -1.011, -3.118 
00161 ,0.602, 0.601, 0.425, -1.011, -3.118 
00162 ,0.602, 0.604, 0.419, -1.011, -3.118 
00163 ,0.602, 0.598, 0.413, -1.011, -3.118 
00164 ,0.602, 0.601, 0.407, -1.012, -3.118 
00165 ,0.602, 0.604, 0.402, -1.012, -3.119 
00166 ,0.602, 0.598, 0.396, -1.012, -3.119 
00167 ,0.602, 0.601, 0.390, -1.012, -3.119 
00168 ,0.602, 0.605, 0.384, -1.012, -3.119 
00169 ,0.602, 0.598, 0.378, -1.012, -3.119 
00170 ,0.602, 0.601, 0.372, -1.012, -3.119 
00171 ,0.599, 0.595, 0.366, -1.013, -3.120 
00172 ,0.595, 0.588, 0.360, -1.013, -3.120 
00173 ,0.592, 0.581, 0.354, -1.013, -3.120 
00174 ,0.589, 0.575, 0.348, -1.013, -3.120 
00175 ,0.585, 0.568, 0.342, -1.013, -3.120 
00176 ,0.582, 0.561, 0.337, -1.013, -3.120 
00177 ,0.579, 0.555, 0.331, -1.013, -3.121 
00178 ,0.575, 0.548, 0.325, -1.013, -3.122 
00179 ,0.572, 0.541, 0.320, -1.014, -3.123 
00180 ,0.568, 0.535, 0.314, -1.014, -3.124 
00181 ,0.565, 0.529, 0.309, -1.014, -3.125 
00182 ,0.561, 0.522, 0.303, -1.014, -3.127 
00183 ,0.557, 0.516, 0.298, -1.014, -3.128 
00184 ,0.553, 0.510, 0.292, -1.014, -3.129 
00185 ,0.549, 0.504, 0.287, -1.014, -3.131 
00186 ,0.545, 0.499, 0.282, -1.014, -3.133 
00187 ,0.540, 0.493, 0.277, -1.014, -3.134 
00188 ,0.536, 0.488, 0.271, -1.014, -3.136 
00189 ,0.531, 0.482, 0.266, -1.014, -3.138 
00190 ,0.526, 0.477, 0.261, -1.014, -3.140 
00191 ,0.521, 0.472, 0.256, -1.014, -3.142 
00192 ,0.516, 0.467, 0.252, -1.014, -3.144 
00193 ,0.511, 0.463, 0.247, -1.014, -3.146 
00194 ,0.505, 0.458, 0.242, -1.014, -3.147 
00195 ,0.500, 0.454, 0.237, -1.014, -3.149 
00196 ,0.494, 0.450, 0.232, -1.014, -3.151 
00197 ,0.488, 0.445, 0.228, -1.014, -3.153 
00198 ,0.482, 0.442, 0.223, -1.014, -3.155 
00199 ,0.475, 0.438, 0.218, -1.014, -3.157 
00200 ,0.469, 0.434, 0.214, -1.014, -3.158 
00201 ,0.462, 0.431, 0.209, -1.014, -3.159 
00202 ,0.456, 0.427, 0.205, -1.014, -3.161 
00203 ,0.449, 0.424, 0.200, -1.013, -3.162 
00204 ,0.442, 0.421, 0.196, -1.013, -3.163 
00205 ,0.435, 0.418, 0.192, -1.013, -3.164 
00206 ,0.428, 0.415, 0.188, -1.013, -3.164 
00207 ,0.421, 0.412, 0.183, -1.013, -3.165 
00208 ,0.414, 0.409, 0.179, -1.013, -3.166 
00209 ,0.407, 0.407, 0.175, -1.013, -3.166 
00210 ,0.399, 0.404, 0.171, -1.013, -3.166 
00211 ,0.402, 0.411, 0.167, -1.013, -3.166 
00212 ,0.395, 0.408, 0.163, -1.013, -3.166 
00213 ,0.388, 0.406, 0.159, -1.013, -3.166 
00214 ,0.380, 0.403, 0.155, -1.012, -3.165 
00215 ,0.383, 0.410, 0.151, -1.012, -3.164 
00216 ,0.376, 0.407, 0.148, -1.012, -3.164 
00217 ,0.369, 0.404, 0.144, -1.012, -3.163 
00218 ,0.362, 0.401, 0.140, -1.012, -3.162 
00219 ,0.355, 0.398, 0.136, -1.012, -3.161 
00220 ,0.349, 0.395, 0.132, -1.012, -3.159 
00221 ,0.342, 0.391, 0.129, -1.012, -3.157 
00222 ,0.346, 0.398, 0.125, -1.012, -3.155 
00223 ,0.339, 0.394, 0.121, -1.012, -3.153 
00224 ,0.333, 0.390, 0.118, -1.012, -3.151 
00225 ,0.327, 0.386, 0.114, -1.012, -3.149 
00226 ,0.321, 0.382, 0.111, -1.012, -3.147 
00227 ,0.316, 0.378, 0.107, -1.012, -3.144 
00228 ,0.310, 0.373, 0.104, -1.012, -3.142 
00229 ,0.305, 0.368, 0.100, -1.012, -3.140 
00230 ,0.300, 0.363, 0.097, -1.012, -3.138 
00231 ,0.295, 0.358, 0.094, -1.012, -3.135 
00232 ,0.291, 0.353, 0.090, -1.012, -3.133 
00233 ,0.286, 0.347, 0.087, -1.012, -3.131 
00234 ,0.282, 0.341, 0.084, -1.012, -3.129 
00235 ,0.278, 0.335, 0.081, -1.012, -3.126 
00236 ,0.274, 0.329, 0.078, -1.012, -3.123 
00237 ,0.271, 0.323, 0.075, -1.012, -3.121 
00238 ,0.267, 0.316, 0.072, -1.012, -3.120 
00239 ,0.264, 0.309, 0.069, -1.012, -3.117 
00240 ,0.261, 0.302, 0.066, -1.012, -3.116 
00241 ,0.258, 0.295, 0.063, -1.012, -3.114 
00242 ,0.255, 0.288, 0.060, -1.012, -3.112 
00243 ,0.252, 0.281, 0.058, -1.012, -3.111 
00244 ,0.250, 0.273, 0.055, -1.013, -3.110 
00245 ,0.247, 0.266, 0.053, -1.013, -3.108 
00246 ,0.245, 0.258, 0.050, -1.013, -3.107 
00247 ,0.243, 0.250, 0.048, -1.013, -3.107 
00248 ,0.241, 0.243, 0.045, -1.013, -3.107 
00249 ,0.238, 0.235, 0.043, -1.013, -3.106 
00250 ,0.236, 0.227, 0.040, -1.013, -3.106 
00251 ,0.234, 0.219, 0.038, -1.013, -3.106 
00252 ,0.232, 0.211, 0.036, -1.013, -3.106 
00253 ,0.230, 0.203, 0.034, -1.013, -3.107 
00254 ,0.228, 0.196, 0.031, -1.013, -3.108 
00255 ,0.225, 0.188, 0.029, -1.013, -3.109 
00256 ,0.223, 0.180, 0.027, -1.013, -3.110 
00257 ,0.221, 0.173, 0.025, -1.014, -3.111 
00258 ,0.218, 0.165, 0.023, -1.014, -3.113 
00259 ,0.215, 0.158, 0.021, -1.014, -3.115 
00260 ,0.212, 0.151, 0.020, -1.014, -3.117 
00261 ,0.209, 0.144, 0.018, -1.014, -3.119 
00262 ,0.206, 0.137, 0.016, -1.014, -3.121 
00263 ,0.203, 0.131, 0.014, -1.014, -3.123 
00264 ,0.199, 0.124, 0.013, -1.014, -3.126 
00265 ,0.195, 0.118, 0.011, -1.014, -3.129 
00266 ,0.000, 0.000, 0.010, -1.014, -3.132 
00000 ,0.000, 0.000, 0.008, -1.014, -3.135 
00001 ,0.005, -0.005, 0.008, -1.014, -3.135 
00002 ,0.010, -0.010, 0.008, -1.014, -3.135 
00003 ,0.015, -0.015, 0.008, -1.014, -3.135 
00004 ,0.020, -0.020, 0.008, -1.014, -3.135 
00005 ,0.025, -0.025, 0.008, -1.014, -3.136 
00006 ,0.030, -0.030, 0.008, -1.014, -3.138 
00007 ,0.035, -0.035, 0.008, -1.014, -3.139 
00008 ,0.040, -0.040, 0.008, -1.014, -3.142 
00009 ,0.045, -0.045, 0.008, -1.014, -3.144 
00010 ,0.050, -0.050, 0.008, -1.014, -3.147 
00011 ,0.055, -0.055, 0.008, -1.014, -3.149 
00012 ,0.060, -0.060, 0.008, -1.014, -3.153 
00013 ,0.065, -0.065, 0.008, -1.014, -3.157 
00014 ,0.070, -0.070, 0.008, -1.014, -3.161 
00015 ,0.075, -0.075, 0.008, -1.014, -3.166 
00016 ,0.080, -0.080, 0.008, -1.014, -3.171 
00017 ,0.085, -0.085, 0.008, -1.014, -3.176 
00018 ,0.090, -0.090, 0.008, -1.014, -3.182 
00019 ,0.095, -0.095, 0.008, -1.014, -3.188 
00020 ,0.100, -0.100, 0.008, -1.014, -3.195 
00021 ,0.105, -0.105, 0.008, -1.014, -3.202 
00022 ,0.110, -0.110, 0.008, -1.014, -3.210 
00023 ,0.115, -0.115, 0.008, -1.014, -3.217 
00024 ,0.120, -0.120, 0.008, -1.014, -3.226 
00025 ,0.125, -0.125, 0.008, -1.014, -3.235 
00026 ,0.130, -0.130, 0.008, -1.014, -3.244 
00027 ,0.135, -0.135, 0.008, -1.014, -3.253 
00028 ,0.140, -0.140, 0.008, -1.014, -3.263 
00029 ,0.145, -0.145, 0.008, -1.014, -3.273 
00030 ,0.150, -0.150, 0.008, -1.014, -3.283 
00031 ,0.155, -0.155, 0.008, -1.014, -3.294 
00032 ,0.160, -0.160, 0.008, -1.014, -3.306 
00033 ,0.165, -0.165, 0.008, -1.014, -3.317 
00034 ,0.170, -0.170, 0.008, -1.014, -3.330 
00035 ,0.175, -0.175, 0.008, -1.014, -3.342 
00036 ,0.180, -0.180, 0.008, -1.014, -3.355 
00037 ,0.185, -0.185, 0.008, -1.014, -3.369 
00038 ,0.190, -0.190, 0.008, -1.014, -3.382 
00039 ,0.195, -0.195, 0.008, -1.014, -3.396 
00040 ,0.200, -0.200, 0.008, -1.014, -3.410 
00041 ,0.205, -0.205, 0.008, -1.014, -3.425 
00042 ,0.210, -0.210, 0.008, -1.014, -3.440 
00043 ,0.215, -0.215, 0.008, -1.014, -3.456 
00044 ,0.220, -0.220, 0.008, -1.014, -3.472 
00045 ,0.225, -0.225, 0.008, -1.014, -3.488 
00046 ,0.230, -0.230, 0.008, -1.014, -3.505 
00047 ,0.235, -0.235, 0.008, -1.014, -3.522 
00048 ,0.240, -0.240, 0.008, -1.014, -3.540 
00049 ,0.245, -0.245, 0.008, -1.014, -3.558 
00050 ,0.250, -0.250, 0.008, -1.014, -3.576 
00051 ,0.255, -0.255, 0.008, -1.014, -3.595 
00052 ,0.260, -0.260, 0.008, -1.014, -3.614 
00053 ,0.265, -0.265, 0.008, -1.014, -3.633 
00054 ,0.270, -0.270, 0.008, -1.014, -3.653 
00055 ,0.275, -0.275, 0.008, -1.014, -3.673 
00056 ,0.280, -0.280, 0.008, -1.014, -3.694 
00057 ,0.285, -0.285, 0.008, -1.014, -3.715 
00058 ,0.290, -0.290, 0.008, -1.014, -3.736 
00059 ,0.295, -0.295, 0.008, -1.014, -3.758 
00060 ,0.300, -0.300, 0.008, -1.014, -3.780 
00061 ,0.300, -0.300, 0.008, -1.014, -3.802 
00062 ,0.300, -0.300, 0.008, -1.014, -3.825 
00063 ,0.300, -0.300, 0.008, -1.014, -3.848 
00064 ,0.300, -0.300, 0.008, -1.014, -3.871 
00065 ,0.300, -0.300, 0.008, -1.014, -3.894 
00066 ,0.300, -0.300, 0.008, -1.014, -3.918 
00067 ,0.300, -0.300, 0.008, -1.014, -3.941 
00068 ,0.300, -0.300, 0.008, -1.014, -3.964 
00069 ,0.300, -0.300, 0.008, -1.014, -3.986 
00070 ,0.300, -0.300, 0.008, -1.014, -4.010 
00071 ,0.295, -0.295, 0.008, -1.014, -4.033 
00072 ,0.290, -0.290, 0.008, -1.014, -4.056 
00073 ,0.285, -0.285, 0.008, -1.014, -4.079 
00074 ,0.280, -0.280, 0.008, -1.014, -4.100 
00075 ,0.275, -0.275, 0.008, -1.014, -4.121 
00076 ,0.270, -0.270, 0.008, -1.014, -4.142 
00077 ,0.265, -0.265, 0.008, -1.014, -4.163 
00078 ,0.260, -0.260, 0.008, -1.014, -4.183 
00079 ,0.255, -0.255, 0.008, -1.014, -4.203 
00080 ,0.250, -0.250, 0.008, -1.014, -4.222 
00081 ,0.245, -0.245, 0.008, -1.014, -4.242 
00082 ,0.240, -0.240, 0.008, -1.014, -4.260 
00083 ,0.235, -0.235, 0.008, -1.014, -4.278 
00084 ,0.230, -0.230, 0.008, -1.014, -4.296 
00085 ,0.225, -0.225, 0.008, -1.014, -4.313 
00086 ,0.220, -0.220, 0.008, -1.014, -4.331 
00087 ,0.215, -0.215, 0.008, -1.014, -4.347 
00088 ,0.210, -0.210, 0.008, -1.014, -4.364 
00089 ,0.205, -0.205, 0.008, -1.014, -4.380 
00090 ,0.200, -0.200, 0.008, -1.014, -4.395 
00091 ,0.195, -0.195, 0.008, -1.014, -4.410 
00092 ,0.190, -0.190, 0.008, -1.014, -4.425 
00093 ,0.185, -0.185, 0.008, -1.014, -4.440 
00094 ,0.180, -0.180, 0.008, -1.014, -4.454 
00095 ,0.175, -0.175, 0.008, -1.014, -4.467 
00096 ,0.170, -0.170, 0.008, -1.014, -4.480 
00097 ,0.165, -0.165, 0.008, -1.014, -4.494 
00098 ,0.160, -0.160, 0.008, -1.014, -4.506 
00099 ,0.155, -0.155, 0.008, -1.014, -4.518 
00100 ,0.150, -0.150, 0.008, -1.014, -4.530 
00101 ,0.145, -0.145, 0.008, -1.014, -4.541 
00102 ,0.150, -0.150, 0.008, -1.014, -4.552 
00103 ,0.145, -0.145, 0.008, -1.014, -4.563 
00104 ,0.140, -0.140, 0.008, -1.014, -4.573 
00105 ,0.135, -0.135, 0.008, -1.014, -4.585 
00106 ,0.130, -0.130, 0.008, -1.014, -4.595 
00107 ,0.125, -0.125, 0.008, -1.014, -4.604 
00108 ,0.120, -0.120, 0.008, -1.014, -4.614 
00109 ,0.115, -0.115, 0.008, -1.014, -4.623 
00110 ,0.110, -0.110, 0.008, -1.014, -4.631 
00111 ,0.105, -0.105, 0.008, -1.014, -4.640 
00112 ,0.100, -0.100, 0.008, -1.014, -4.648 
00113 ,0.095, -0.095, 0.008, -1.014, -4.655 
00114 ,0.090, -0.090, 0.008, -1.014, -4.662 
00115 ,0.085, -0.085, 0.008, -1.014, -4.669 
00116 ,0.080, -0.080, 0.008, -1.014, -4.675 
00117 ,0.075, -0.075, 0.008, -1.014, -4.681 
00118 ,0.070, -0.070, 0.008, -1.014, -4.687 
00119 ,0.065, -0.065, 0.008, -1.014, -4.692 
00120 ,0.060, -0.060, 0.008, -1.014, -4.696 
00121 ,0.055, -0.055, 0.008, -1.014, -4.701 
00122 ,0.050, -0.050, 0.008, -1.014, -4.705 
00123 ,0.045, -0.045, 0.008, -1.014, -4.709 
00124 ,0.040, -0.040, 0.008, -1.014, -4.712 
00125 ,0.035, -0.035, 0.008, -1.014, -4.715 
00126 ,0.000, 0.000, 0.008, -1.014, -4.718 
00000 ,0.000, 0.000, 0.008, -1.014, -4.720 
00001 ,0.004, 0.006, 0.008, -1.014, -4.720 
00002 ,0.008, 0.012, 0.008, -1.014, -4.720 
00003 ,0.011, 0.019, 0.008, -1.014, -4.720 
00004 ,0.015, 0.025, 0.008, -1.014, -4.720 
00005 ,0.019, 0.031, 0.008, -1.014, -4.720 
00006 ,0.023, 0.037, 0.008, -1.014, -4.720 
00007 ,0.027, 0.043, 0.008, -1.014, -4.719 
00008 ,0.030, 0.050, 0.008, -1.013, -4.718 
00009 ,0.034, 0.056, 0.008, -1.013, -4.717 
00010 ,0.038, 0.062, 0.008, -1.013, -4.717 
00011 ,0.042, 0.068, 0.008, -1.012, -4.716 
00012 ,0.047, 0.073, 0.008, -1.012, -4.715 
00013 ,0.051, 0.079, 0.008, -1.011, -4.715 
00014 ,0.055, 0.085, 0.008, -1.011, -4.713 
00015 ,0.059, 0.091, 0.008, -1.010, -4.713 
00016 ,0.064, 0.096, 0.008, -1.010, -4.711 
00017 ,0.068, 0.102, 0.008, -1.009, -4.710 
00018 ,0.073, 0.107, 0.008, -1.008, -4.709 
00019 ,0.078, 0.112, 0.008, -1.008, -4.707 
00020 ,0.082, 0.118, 0.008, -1.007, -4.706 
00021 ,0.087, 0.123, 0.008, -1.006, -4.705 
00022 ,0.093, 0.127, 0.008, -1.005, -4.703 
00023 ,0.098, 0.132, 0.008, -1.004, -4.702 
00024 ,0.103, 0.137, 0.008, -1.003, -4.700 
00025 ,0.109, 0.141, 0.008, -1.002, -4.699 
00026 ,0.114, 0.146, 0.008, -1.001, -4.698 
00027 ,0.120, 0.150, 0.008, -1.000, -4.696 
00028 ,0.126, 0.154, 0.008, -0.998, -4.695 
00029 ,0.131, 0.159, 0.008, -0.997, -4.694 
00030 ,0.137, 0.163, 0.008, -0.996, -4.692 
00031 ,0.144, 0.166, 0.008, -0.994, -4.692 
00032 ,0.150, 0.170, 0.008, -0.993, -4.691 
00033 ,0.156, 0.174, 0.008, -0.991, -4.690 
00034 ,0.162, 0.178, 0.008, -0.990, -4.689 
00035 ,0.169, 0.181, 0.008, -0.988, -4.688 
00036 ,0.175, 0.185, 0.008, -0.987, -4.688 
00037 ,0.182, 0.188, 0.008, -0.985, -4.687 
00038 ,0.188, 0.192, 0.008, -0.983, -4.686 
00039 ,0.195, 0.195, 0.008, -0.982, -4.686 
00040 ,0.202, 0.198, 0.008, -0.980, -4.686 
00041 ,0.208, 0.202, 0.007, -0.978, -4.686 
00042 ,0.215, 0.205, 0.007, -0.976, -4.687 
00043 ,0.222, 0.208, 0.007, -0.974, -4.686 
00044 ,0.228, 0.212, 0.007, -0.972, -4.687 
00045 ,0.235, 0.215, 0.007, -0.970, -4.688 
00046 ,0.242, 0.218, 0.007, -0.968, -4.688 
00047 ,0.248, 0.222, 0.007, -0.966, -4.689 
00048 ,0.255, 0.225, 0.007, -0.963, -4.690 
00049 ,0.261, 0.229, 0.007, -0.961, -4.691 
00050 ,0.267, 0.233, 0.007, -0.956, -4.693 
00051 ,0.273, 0.237, 0.007, -0.954, -4.695 
00052 ,0.279, 0.241, 0.007, -0.952, -4.696 
00053 ,0.285, 0.245, 0.007, -0.949, -4.697 
00054 ,0.291, 0.249, 0.007, -0.947, -4.698 
00055 ,0.296, 0.254, 0.007, -0.944, -4.700 
00056 ,0.302, 0.258, 0.007, -0.941, -4.702 
00057 ,0.307, 0.263, 0.007, -0.939, -4.704 
00058 ,0.312, 0.268, 0.007, -0.936, -4.705 
00059 ,0.317, 0.273, 0.007, -0.933, -4.707 
00060 ,0.322, 0.278, 0.007, -0.930, -4.709 
00061 ,0.327, 0.283, 0.007, -0.927, -4.711 
00062 ,0.331, 0.289, 0.007, -0.925, -4.712 
00063 ,0.336, 0.294, 0.007, -0.922, -4.714 
00064 ,0.340, 0.300, 0.007, -0.919, -4.716 
00065 ,0.344, 0.306, 0.007, -0.915, -4.718 
00066 ,0.348, 0.312, 0.007, -0.912, -4.719 
00067 ,0.352, 0.318, 0.007, -0.909, -4.721 
00068 ,0.356, 0.324, 0.007, -0.906, -4.722 
00069 ,0.359, 0.331, 0.007, -0.903, -4.724 
00070 ,0.363, 0.337, 0.007, -0.899, -4.725 
00071 ,0.366, 0.344, 0.007, -0.896, -4.726 
00072 ,0.370, 0.350, 0.007, -0.893, -4.727 
00073 ,0.373, 0.357, 0.007, -0.889, -4.728 
00074 ,0.376, 0.364, 0.007, -0.886, -4.728 
00075 ,0.379, 0.371, 0.007, -0.882, -4.729 
00076 ,0.382, 0.378, 0.007, -0.878, -4.729 
00077 ,0.385, 0.385, 0.007, -0.875, -4.729 
00078 ,0.388, 0.392, 0.007, -0.871, -4.730 
00079 ,0.391, 0.399, 0.007, -0.867, -4.729 
00080 ,0.394, 0.406, 0.007, -0.863, -4.729 
00081 ,0.397, 0.413, 0.008, -0.859, -4.729 
00082 ,0.400, 0.420, 0.008, -0.856, -4.728 
00083 ,0.403, 0.427, 0.008, -0.852, -4.728 
00084 ,0.406, 0.434, 0.008, -0.848, -4.728 
00085 ,0.409, 0.441, 0.008, -0.843, -4.727 
00086 ,0.413, 0.447, 0.008, -0.839, -4.726 
00087 ,0.416, 0.454, 0.008, -0.835, -4.724 
00088 ,0.419, 0.461, 0.008, -0.831, -4.723 
00089 ,0.423, 0.467, 0.008, -0.827, -4.721 
00090 ,0.427, 0.473, 0.008, -0.822, -4.720 
00091 ,0.430, 0.480, 0.008, -0.818, -4.718 
00092 ,0.434, 0.486, 0.008, -0.814, -4.716 
00093 ,0.439, 0.491, 0.008, -0.809, -4.714 
00094 ,0.443, 0.497, 0.008, -0.805, -4.713 
00095 ,0.447, 0.503, 0.008, -0.800, -4.710 
00096 ,0.452, 0.508, 0.008, -0.795, -4.708 
00097 ,0.457, 0.513, 0.008, -0.791, -4.706 
00098 ,0.462, 0.518, 0.008, -0.786, -4.704 
00099 ,0.467, 0.523, 0.008, -0.781, -4.702 
00100 ,0.472, 0.528, 0.008, -0.776, -4.700 
00101 ,0.478, 0.532, 0.008, -0.771, -4.698 
00102 ,0.483, 0.537, 0.008, -0.767, -4.696 
00103 ,0.489, 0.541, 0.008, -0.762, -4.693 
00104 ,0.495, 0.545, 0.007, -0.757, -4.691 
00105 ,0.501, 0.549, 0.007, -0.751, -4.689 
00106 ,0.508, 0.552, 0.007, -0.746, -4.687 
00107 ,0.514, 0.556, 0.007, -0.741, -4.685 
00108 ,0.521, 0.559, 0.007, -0.736, -4.684 
00109 ,0.528, 0.562, 0.007, -0.731, -4.682 
00110 ,0.535, 0.565, 0.007, -0.725, -4.681 
00111 ,0.542, 0.568, 0.006, -0.720, -4.679 
00112 ,0.549, 0.571, 0.006, -0.715, -4.678 
00113 ,0.557, 0.573, 0.006, -0.709, -4.678 
00114 ,0.564, 0.576, 0.006, -0.704, -4.676 
00115 ,0.571, 0.579, 0.006, -0.698, -4.676 
00116 ,0.579, 0.581, 0.005, -0.692, -4.675 
00117 ,0.587, 0.583, 0.005, -0.687, -4.675 
00118 ,0.594, 0.586, 0.005, -0.681, -4.675 
00119 ,0.602, 0.588, 0.005, -0.675, -4.675 
00120 ,0.603, 0.591, 0.005, -0.669, -4.675 
00121 ,0.603, 0.593, 0.004, -0.663, -4.676 
00122 ,0.603, 0.595, 0.004, -0.658, -4.676 
00123 ,0.602, 0.598, 0.004, -0.652, -4.677 
00124 ,0.602, 0.600, 0.004, -0.646, -4.677 
00125 ,0.602, 0.603, 0.004, -0.640, -4.678 
00126 ,0.602, 0.598, 0.003, -0.634, -4.678 
00127 ,0.602, 0.600, 0.003, -0.628, -4.678 
00128 ,0.602, 0.603, 0.003, -0.622, -4.678 
00129 ,0.602, 0.598, 0.003, -0.616, -4.678 
00130 ,0.602, 0.600, 0.003, -0.610, -4.678 
00131 ,0.602, 0.603, 0.002, -0.604, -4.678 
00132 ,0.602, 0.598, 0.002, -0.598, -4.678 
00133 ,0.602, 0.600, 0.002, -0.592, -4.678 
00134 ,0.602, 0.603, 0.002, -0.586, -4.679 
00135 ,0.602, 0.598, 0.001, -0.580, -4.679 
00136 ,0.602, 0.600, 0.001, -0.574, -4.679 
00137 ,0.602, 0.603, 0.001, -0.568, -4.679 
00138 ,0.602, 0.598, 0.001, -0.562, -4.679 
00139 ,0.602, 0.600, 0.001, -0.556, -4.679 
00140 ,0.602, 0.603, 0.001, -0.551, -4.679 
00141 ,0.602, 0.598, 0.000, -0.544, -4.679 
00142 ,0.602, 0.601, 0.000, -0.539, -4.679 
00143 ,0.602, 0.603, -0.000, -0.533, -4.680 
00144 ,0.602, 0.598, -0.000, -0.527, -4.680 
00145 ,0.602, 0.601, -0.000, -0.521, -4.679 
00146 ,0.602, 0.603, -0.001, -0.515, -4.680 
00147 ,0.602, 0.598, -0.001, -0.509, -4.680 
00148 ,0.602, 0.601, -0.001, -0.503, -4.680 
00149 ,0.602, 0.603, -0.001, -0.497, -4.681 
00150 ,0.602, 0.598, -0.001, -0.491, -4.681 
00151 ,0.602, 0.601, -0.002, -0.485, -4.681 
00152 ,0.602, 0.604, -0.002, -0.479, -4.681 
00153 ,0.602, 0.598, -0.002, -0.473, -4.681 
00154 ,0.602, 0.601, -0.002, -0.467, -4.681 
00155 ,0.602, 0.604, -0.002, -0.461, -4.681 
00156 ,0.602, 0.598, -0.003, -0.455, -4.681 
00157 ,0.602, 0.601, -0.003, -0.449, -4.681 
00158 ,0.602, 0.604, -0.003, -0.443, -4.681 
00159 ,0.602, 0.598, -0.003, -0.437, -4.682 
00160 ,0.602, 0.601, -0.003, -0.431, -4.681 
00161 ,0.602, 0.604, -0.003, -0.425, -4.682 
00162 ,0.602, 0.598, -0.004, -0.419, -4.682 
00163 ,0.602, 0.601, -0.004, -0.413, -4.682 
00164 ,0.602, 0.604, -0.004, -0.407, -4.683 
00165 ,0.602, 0.598, -0.004, -0.401, -4.682 
00166 ,0.602, 0.601, -0.004, -0.395, -4.683 
00167 ,0.602, 0.604, -0.005, -0.389, -4.683 
00168 ,0.602, 0.598, -0.005, -0.383, -4.683 
00169 ,0.602, 0.601, -0.005, -0.378, -4.683 
00170 ,0.599, 0.594, -0.005, -0.372, -4.683 
00171 ,0.596, 0.587, -0.005, -0.366, -4.683 
00172 ,0.593, 0.580, -0.005, -0.360, -4.683 
00173 ,0.590, 0.573, -0.006, -0.354, -4.683 
00174 ,0.587, 0.567, -0.006, -0.348, -4.684 
00175 ,0.583, 0.560, -0.006, -0.342, -4.685 
00176 ,0.580, 0.553, -0.006, -0.337, -4.685 
00177 ,0.577, 0.546, -0.006, -0.331, -4.686 
00178 ,0.574, 0.539, -0.006, -0.326, -4.687 
00179 ,0.570, 0.533, -0.006, -0.320, -4.689 
00180 ,0.567, 0.527, -0.007, -0.315, -4.690 
00181 ,0.563, 0.520, -0.007, -0.309, -4.692 
00182 ,0.559, 0.514, -0.007, -0.304, -4.693 
00183 ,0.555, 0.508, -0.007, -0.298, -4.695 
00184 ,0.551, 0.502, -0.007, -0.293, -4.696 
00185 ,0.547, 0.496, -0.007, -0.288, -4.698 
00186 ,0.542, 0.491, -0.007, -0.283, -4.700 
00187 ,0.538, 0.485, -0.007, -0.277, -4.702 
00188 ,0.533, 0.480, -0.007, -0.272, -4.704 
00189 ,0.528, 0.475, -0.007, -0.267, -4.706 
00190 ,0.523, 0.470, -0.007, -0.262, -4.708 
00191 ,0.518, 0.465, -0.007, -0.257, -4.710 
00192 ,0.513, 0.460, -0.007, -0.252, -4.713 
00193 ,0.507, 0.456, -0.007, -0.248, -4.715 
00194 ,0.501, 0.452, -0.007, -0.243, -4.716 
00195 ,0.496, 0.448, -0.007, -0.238, -4.718 
00196 ,0.489, 0.444, -0.007, -0.233, -4.720 
00197 ,0.483, 0.440, -0.007, -0.229, -4.722 
00198 ,0.477, 0.436, -0.007, -0.224, -4.724 
00199 ,0.470, 0.433, -0.007, -0.220, -4.725 
00200 ,0.464, 0.429, -0.007, -0.215, -4.727 
00201 ,0.457, 0.426, -0.007, -0.211, -4.729 
00202 ,0.450, 0.423, -0.007, -0.206, -4.730 
00203 ,0.443, 0.420, -0.007, -0.202, -4.731 
00204 ,0.436, 0.417, -0.007, -0.198, -4.732 
00205 ,0.428, 0.415, -0.007, -0.194, -4.733 
00206 ,0.421, 0.412, -0.006, -0.189, -4.733 
00207 ,0.414, 0.409, -0.006, -0.185, -4.734 
00208 ,0.416, 0.417, -0.006, -0.181, -4.734 
00209 ,0.409, 0.414, -0.006, -0.173, -4.735 
00210 ,0.401, 0.412, -0.006, -0.169, -4.735 
00211 ,0.394, 0.409, -0.006, -0.165, -4.735 
00212 ,0.386, 0.407, -0.006, -0.161, -4.734 
00213 ,0.379, 0.404, -0.006, -0.157, -4.734 
00214 ,0.382, 0.411, -0.006, -0.153, -4.733 
00215 ,0.374, 0.409, -0.006, -0.149, -4.731 
00216 ,0.367, 0.406, -0.006, -0.145, -4.731 
00217 ,0.360, 0.403, -0.005, -0.142, -4.730 
00218 ,0.353, 0.400, -0.005, -0.138, -4.728 
00219 ,0.356, 0.407, -0.005, -0.134, -4.726 
00220 ,0.349, 0.404, -0.005, -0.130, -4.724 
00221 ,0.343, 0.400, -0.005, -0.127, -4.722 
00222 ,0.336, 0.397, -0.005, -0.123, -4.720 
00223 ,0.330, 0.393, -0.005, -0.119, -4.718 
00224 ,0.324, 0.389, -0.005, -0.116, -4.716 
00225 ,0.318, 0.385, -0.005, -0.112, -4.713 
00226 ,0.313, 0.381, -0.005, -0.109, -4.711 
00227 ,0.307, 0.376, -0.005, -0.105, -4.708 
00228 ,0.302, 0.371, -0.005, -0.102, -4.705 
00229 ,0.297, 0.366, -0.005, -0.098, -4.703 
00230 ,0.292, 0.361, -0.005, -0.095, -4.700 
00231 ,0.288, 0.355, -0.005, -0.092, -4.697 
00232 ,0.283, 0.350, -0.005, -0.089, -4.695 
00233 ,0.279, 0.344, -0.006, -0.086, -4.692 
00234 ,0.275, 0.338, -0.006, -0.083, -4.690 
00235 ,0.272, 0.331, -0.006, -0.080, -4.687 
00236 ,0.268, 0.325, -0.006, -0.077, -4.685 
00237 ,0.265, 0.318, -0.006, -0.074, -4.683 
00238 ,0.262, 0.311, -0.006, -0.071, -4.680 
00239 ,0.259, 0.304, -0.006, -0.068, -4.678 
00240 ,0.257, 0.296, -0.006, -0.065, -4.676 
00241 ,0.254, 0.289, -0.006, -0.062, -4.674 
00242 ,0.252, 0.281, -0.006, -0.060, -4.673 
00243 ,0.250, 0.274, -0.006, -0.057, -4.672 
00244 ,0.247, 0.266, -0.007, -0.054, -4.670 
00245 ,0.245, 0.258, -0.007, -0.052, -4.669 
00246 ,0.244, 0.250, -0.007, -0.049, -4.669 
00247 ,0.242, 0.241, -0.007, -0.047, -4.668 
00248 ,0.240, 0.233, -0.007, -0.045, -4.668 
00249 ,0.238, 0.225, -0.007, -0.042, -4.668 
00250 ,0.236, 0.217, -0.007, -0.040, -4.668 
00251 ,0.234, 0.209, -0.007, -0.038, -4.669 
00252 ,0.233, 0.201, -0.007, -0.036, -4.669 
00253 ,0.231, 0.192, -0.007, -0.033, -4.670 
00254 ,0.229, 0.184, -0.008, -0.031, -4.672 
00255 ,0.227, 0.177, -0.008, -0.029, -4.674 
00256 ,0.224, 0.169, -0.008, -0.027, -4.675 
00257 ,0.222, 0.161, -0.008, -0.025, -4.677 
00258 ,0.219, 0.154, -0.008, -0.023, -4.679 
00259 ,0.217, 0.146, -0.008, -0.022, -4.681 
00260 ,0.214, 0.139, -0.008, -0.020, -4.683 
00261 ,0.211, 0.132, -0.008, -0.018, -4.686 
00262 ,0.207, 0.126, -0.008, -0.016, -4.689 
00263 ,0.204, 0.119, -0.008, -0.015, -4.692 
00264 ,0.200, 0.113, -0.008, -0.013, -4.696 
00265 ,0.000, 0.000, -0.008, -0.012, -4.699 
00000 ,0.000, 0.000, -0.008, -0.010, -4.702 
00001 ,0.005, -0.005, -0.008, -0.010, -4.702 
00002 ,0.010, -0.010, -0.008, -0.010, -4.702 
00003 ,0.015, -0.015, -0.008, -0.010, -4.702 
00004 ,0.020, -0.020, -0.008, -0.010, -4.703 
00005 ,0.025, -0.025, -0.008, -0.010, -4.704 
00006 ,0.030, -0.030, -0.008, -0.010, -4.705 
00007 ,0.035, -0.035, -0.008, -0.010, -4.706 
00008 ,0.040, -0.040, -0.008, -0.010, -4.709 
00009 ,0.045, -0.045, -0.008, -0.010, -4.711 
00010 ,0.050, -0.050, -0.008, -0.010, -4.714 
00011 ,0.055, -0.055, -0.008, -0.010, -4.717 
00012 ,0.060, -0.060, -0.008, -0.010, -4.721 
00013 ,0.065, -0.065, -0.008, -0.010, -4.725 
00014 ,0.070, -0.070, -0.008, -0.010, -4.729 
00015 ,0.075, -0.075, -0.008, -0.010, -4.733 
00016 ,0.080, -0.080, -0.008, -0.010, -4.738 
00017 ,0.085, -0.085, -0.008, -0.010, -4.743 
00018 ,0.090, -0.090, -0.008, -0.010, -4.749 
00019 ,0.095, -0.095, -0.008, -0.010, -4.756 
00020 ,0.100, -0.100, -0.008, -0.010, -4.763 
00021 ,0.105, -0.105, -0.008, -0.010, -4.769 
00022 ,0.110, -0.110, -0.008, -0.010, -4.777 
00023 ,0.115, -0.115, -0.008, -0.010, -4.785 
00024 ,0.120, -0.120, -0.008, -0.010, -4.793 
00025 ,0.125, -0.125, -0.008, -0.010, -4.802 
00026 ,0.130, -0.130, -0.008, -0.010, -4.811 
00027 ,0.135, -0.135, -0.008, -0.010, -4.820 
00028 ,0.140, -0.140, -0.008, -0.010, -4.830 
00029 ,0.145, -0.145, -0.008, -0.010, -4.840 
00030 ,0.150, -0.150, -0.008, -0.010, -4.851 
00031 ,0.155, -0.155, -0.008, -0.010, -4.862 
00032 ,0.160, -0.160, -0.008, -0.010, -4.873 
00033 ,0.165, -0.165, -0.008, -0.010, -4.885 
00034 ,0.170, -0.170, -0.008, -0.010, -4.897 
00035 ,0.175, -0.175, -0.008, -0.010, -4.909 
00036 ,0.180, -0.180, -0.008, -0.010, -4.923 
00037 ,0.185, -0.185, -0.008, -0.010, -4.936 
00038 ,0.190, -0.190, -0.008, -0.010, -4.949 
00039 ,0.195, -0.195, -0.008, -0.010, -4.963 
00040 ,0.200, -0.200, -0.008, -0.010, -4.978 
00041 ,0.205, -0.205, -0.008, -0.010, -4.993 
00042 ,0.210, -0.210, -0.008, -0.010, -5.008 
00043 ,0.215, -0.215, -0.008, -0.010, -5.023 
00044 ,0.220, -0.220, -0.008, -0.010, -5.039 
00045 ,0.225, -0.225, -0.008, -0.010, -5.056 
00046 ,0.230, -0.230, -0.008, -0.010, -5.072 
00047 ,0.235, -0.235, -0.008, -0.010, -5.089 
00048 ,0.240, -0.240, -0.008, -0.010, -5.107 
00049 ,0.245, -0.245, -0.008, -0.010, -5.125 
00050 ,0.250, -0.250, -0.008, -0.010, -5.143 
00051 ,0.255, -0.255, -0.008, -0.010, -5.162 
00052 ,0.260, -0.260, -0.008, -0.010, -5.181 
00053 ,0.265, -0.265, -0.008, -0.010, -5.200 
00054 ,0.270, -0.270, -0.008, -0.010, -5.220 
00055 ,0.275, -0.275, -0.008, -0.010, -5.240 
00056 ,0.280, -0.280, -0.008, -0.010, -5.261 
00057 ,0.285, -0.285, -0.008, -0.010, -5.282 
00058 ,0.290, -0.290, -0.008, -0.010, -5.303 
00059 ,0.295, -0.295, -0.008, -0.010, -5.325 
00060 ,0.300, -0.300, -0.008, -0.010, -5.347 
00061 ,0.300, -0.300, -0.008, -0.010, -5.369 
00062 ,0.300, -0.300, -0.008, -0.010, -5.392 
00063 ,0.300, -0.300, -0.008, -0.010, -5.416 
00064 ,0.300, -0.300, -0.008, -0.010, -5.439 
00065 ,0.300, -0.300, -0.008, -0.010, -5.462 
00066 ,0.300, -0.300, -0.008, -0.010, -5.485 
00067 ,0.300, -0.300, -0.008, -0.010, -5.508 
00068 ,0.300, -0.300, -0.008, -0.010, -5.531 
00069 ,0.300, -0.300, -0.008, -0.010, -5.554 
00070 ,0.300, -0.300, -0.008, -0.010, -5.577 
00071 ,0.295, -0.295, -0.008, -0.010, -5.600 
00072 ,0.290, -0.290, -0.008, -0.010, -5.623 
00073 ,0.285, -0.285, -0.008, -0.010, -5.646 
00074 ,0.280, -0.280, -0.008, -0.010, -5.667 
00075 ,0.275, -0.275, -0.008, -0.010, -5.689 
00076 ,0.270, -0.270, -0.008, -0.010, -5.709 
00077 ,0.265, -0.265, -0.008, -0.010, -5.730 
00078 ,0.260, -0.260, -0.008, -0.010, -5.750 
00079 ,0.255, -0.255, -0.008, -0.010, -5.770 
00080 ,0.250, -0.250, -0.008, -0.010, -5.789 
00081 ,0.245, -0.245, -0.008, -0.010, -5.808 
00082 ,0.240, -0.240, -0.008, -0.010, -5.827 
00083 ,0.235, -0.235, -0.008, -0.010, -5.845 
00084 ,0.230, -0.230, -0.008, -0.010, -5.863 
00085 ,0.225, -0.225, -0.008, -0.010, -5.881 
00086 ,0.220, -0.220, -0.008, -0.010, -5.898 
00087 ,0.215, -0.215, -0.008, -0.010, -5.915 
00088 ,0.210, -0.210, -0.008, -0.010, -5.931 
00089 ,0.205, -0.205, -0.008, -0.010, -5.947 
00090 ,0.200, -0.200, -0.008, -0.010, -5.962 
00091 ,0.195, -0.195, -0.008, -0.010, -5.978 
00092 ,0.190, -0.190, -0.008, -0.010, -5.992 
00093 ,0.185, -0.185, -0.008, -0.010, -6.007 
00094 ,0.180, -0.180, -0.008, -0.010, -6.021 
00095 ,0.175, -0.175, -0.008, -0.010, -6.035 
00096 ,0.170, -0.170, -0.008, -0.010, -6.048 
00097 ,0.165, -0.165, -0.008, -0.010, -6.061 
00098 ,0.160, -0.160, -0.008, -0.010, -6.073 
00099 ,0.155, -0.155, -0.008, -0.010, -6.086 
00100 ,0.150, -0.150, -0.008, -0.010, -6.097 
00101 ,0.155, -0.155, -0.008, -0.010, -6.109 
00102 ,0.150, -0.150, -0.008, -0.010, -6.119 
00103 ,0.145, -0.145, -0.008, -0.010, -6.131 
00104 ,0.140, -0.140, -0.008, -0.010, -6.142 
00105 ,0.135, -0.135, -0.008, -0.010, -6.152 
00106 ,0.130, -0.130, -0.008, -0.010, -6.162 
00107 ,0.125, -0.125, -0.008, -0.010, -6.172 
00108 ,0.120, -0.120, -0.008, -0.010, -6.182 
00109 ,0.115, -0.115, -0.008, -0.010, -6.191 
00110 ,0.110, -0.110, -0.008, -0.010, -6.199 
00111 ,0.105, -0.105, -0.008, -0.010, -6.208 
00112 ,0.100, -0.100, -0.008, -0.010, -6.215 
00113 ,0.095, -0.095, -0.008, -0.010, -6.223 
00114 ,0.090, -0.090, -0.008, -0.010, -6.230 
00115 ,0.085, -0.085, -0.008, -0.010, -6.237 
00116 ,0.080, -0.080, -0.008, -0.010, -6.243 
00117 ,0.075, -0.075, -0.008, -0.010, -6.249 
00118 ,0.070, -0.070, -0.008, -0.010, -6.255 
00119 ,0.065, -0.065, -0.008, -0.010, -6.260 
00120 ,0.060, -0.060, -0.008, -0.010, -6.265 
00121 ,0.055, -0.055, -0.008, -0.010, -6.269 
00122 ,0.050, -0.050, -0.008, -0.010, -6.273 
00123 ,0.045, -0.045, -0.008, -0.010, -6.277 
00124 ,0.040, -0.040, -0.008, -0.010, -6.280 
00125 ,0.035, -0.035, -0.008, -0.010, -6.283 
00126 ,0.000, 0.000, -0.008, -0.010, -6.286 
00000 ,0.000, 0.000, -0.008, -0.010, -6.288 
