00000 0.000000 0.000000 0.000000 0.000000 0.000000 
00000 0.000000 0.000000 0.000000 0.000000 0.000000 
00001 0.400000 0.400000 0.000000 0.000000 0.000000 
00002 0.400000 0.400000 0.000000 0.000000 0.000000 
00003 0.400000 0.400000 0.003995 0.000000 0.000000 
00004 0.400000 0.400000 0.007991 0.000000 0.000000 
00005 0.400000 0.400000 0.011986 0.000000 0.000000 
00006 0.400000 0.400000 0.015982 0.000000 0.000000 
00007 0.400000 0.400000 0.019977 0.000000 0.000000 
00008 0.400000 0.400000 0.023973 0.000000 0.000000 
00009 0.400000 0.400000 0.027968 0.000000 0.000000 
00010 0.400000 0.400000 0.031964 0.000000 0.000000 
00011 0.400000 0.400000 0.035959 0.000000 0.000000 
00012 0.400000 0.400000 0.039954 0.000000 0.000000 
00013 0.400000 0.400000 0.043950 0.000000 0.000000 
00014 0.400000 0.400000 0.047945 0.000000 0.000000 
00015 0.400000 0.400000 0.051941 0.000000 0.000000 
00016 0.400000 0.400000 0.055936 0.000000 0.000000 
00017 0.400000 0.400000 0.059932 0.000000 0.000000 
00018 0.400000 0.400000 0.063978 0.000002 0.000394 
00019 0.400000 0.400000 0.067974 0.000003 0.000394 
00020 0.400000 0.400000 0.071969 0.000005 0.000394 
00021 0.400000 0.400000 0.075965 0.000006 0.000394 
00022 0.400000 0.400000 0.079960 0.000008 0.000394 
00023 0.400000 0.400000 0.084007 0.000008 0.000000 
00024 0.400000 0.400000 0.088002 0.000008 0.000000 
00025 0.400000 0.400000 0.091998 0.000008 0.000000 
00026 0.400000 0.400000 0.095993 0.000008 0.000000 
00027 0.400000 0.400000 0.099989 0.000008 0.000000 
00028 0.400000 0.400000 0.103984 0.000008 0.000000 
00029 0.400000 0.400000 0.107979 0.000008 0.000000 
00030 0.400000 0.400000 0.111975 0.000008 0.000000 
00031 0.400000 0.400000 0.115970 0.000008 0.000000 
00032 0.400000 0.400000 0.119966 0.000008 0.000000 
00033 0.400000 0.400000 0.123961 0.000008 0.000000 
00034 0.400000 0.400000 0.127957 0.000008 0.000000 
00035 0.400000 0.400000 0.131952 0.000008 0.000000 
00036 0.400000 0.400000 0.135948 0.000008 0.000000 
00037 0.400000 0.400000 0.139943 0.000008 0.000000 
00038 0.400000 0.400000 0.143939 0.000008 0.000000 
00039 0.400000 0.400000 0.147934 0.000008 0.000000 
00040 0.400000 0.400000 0.151929 0.000008 0.000000 
00041 0.400000 0.400000 0.155976 0.000009 0.000394 
00042 0.400000 0.400000 0.159972 0.000011 0.000394 
00043 0.400000 0.400000 0.163967 0.000013 0.000394 
00044 0.400000 0.400000 0.167962 0.000014 0.000394 
00045 0.400000 0.400000 0.171958 0.000016 0.000394 
00046 0.400000 0.400000 0.176005 0.000016 0.000000 
00047 0.400000 0.400000 0.180000 0.000016 0.000000 
00048 0.400000 0.400000 0.183995 0.000016 0.000000 
00049 0.400000 0.400000 0.187991 0.000016 0.000000 
00050 0.400000 0.400000 0.191986 0.000016 0.000000 
00051 0.400000 0.400000 0.195982 0.000016 0.000000 
00052 0.400000 0.400000 0.199977 0.000016 0.000000 
00053 0.400000 0.400000 0.203973 0.000016 0.000000 
00054 0.400000 0.400000 0.207968 0.000016 0.000000 
00055 0.400000 0.400000 0.211964 0.000016 0.000000 
00056 0.400000 0.400000 0.215959 0.000016 0.000000 
00057 0.400000 0.400000 0.219954 0.000016 0.000000 
00058 0.400000 0.400000 0.223950 0.000016 0.000000 
00059 0.400000 0.400000 0.227945 0.000016 0.000000 
00060 0.400000 0.400000 0.231941 0.000016 0.000000 
00061 0.400000 0.400000 0.235936 0.000016 0.000000 
00062 0.400000 0.400000 0.239932 0.000016 0.000000 
00063 0.400000 0.400000 0.243927 0.000016 0.000000 
00064 0.400000 0.400000 0.247974 0.000017 0.000394 
00065 0.400000 0.400000 0.251969 0.000019 0.000394 
00066 0.400000 0.400000 0.255965 0.000021 0.000394 
00067 0.400000 0.400000 0.259960 0.000022 0.000394 
00068 0.400000 0.400000 0.263956 0.000024 0.000394 
00069 0.400000 0.400000 0.268002 0.000024 0.000000 
00070 0.400000 0.400000 0.271998 0.000024 0.000000 
00071 0.400000 0.400000 0.275993 0.000024 0.000000 
00072 0.400000 0.400000 0.279989 0.000024 0.000000 
00073 0.400000 0.400000 0.283984 0.000024 0.000000 
00074 0.400000 0.400000 0.287979 0.000024 0.000000 
00075 0.400000 0.400000 0.291975 0.000024 0.000000 
00076 0.400000 0.400000 0.295970 0.000024 0.000000 
00077 0.400000 0.400000 0.299966 0.000024 0.000000 
00078 0.400000 0.400000 0.303961 0.000024 0.000000 
00079 0.400000 0.400000 0.307957 0.000024 0.000000 
00080 0.400000 0.400000 0.311952 0.000024 0.000000 
00081 0.400000 0.400000 0.315948 0.000024 0.000000 
00082 0.400000 0.400000 0.319943 0.000024 0.000000 
00083 0.400000 0.400000 0.323938 0.000024 0.000000 
00084 0.400000 0.400000 0.327934 0.000024 0.000000 
00085 0.400000 0.400000 0.331929 0.000024 0.000000 
00086 0.400000 0.400000 0.335925 0.000024 0.000000 
00087 0.400000 0.400000 0.339971 0.000025 0.000394 
00088 0.400000 0.400000 0.343967 0.000027 0.000394 
00089 0.400000 0.400000 0.347962 0.000028 0.000394 
00090 0.400000 0.400000 0.351958 0.000030 0.000394 
00091 0.400000 0.400000 0.355953 0.000032 0.000394 
00092 0.400000 0.400000 0.360000 0.000032 0.000000 
00093 0.400000 0.400000 0.363995 0.000032 0.000000 
00094 0.400000 0.400000 0.367991 0.000032 0.000000 
00095 0.400000 0.400000 0.371986 0.000032 0.000000 
00096 0.400000 0.400000 0.375982 0.000032 0.000000 
00097 0.400000 0.400000 0.379977 0.000032 0.000000 
00098 0.400000 0.400000 0.383973 0.000032 0.000000 
00099 0.400000 0.400000 0.387968 0.000032 0.000000 
00100 0.400000 0.400000 0.391964 0.000032 0.000000 
00101 0.400000 0.400000 0.395959 0.000032 0.000000 
00102 0.400000 0.400000 0.399954 0.000032 0.000000 
00103 0.400000 0.400000 0.403950 0.000032 0.000000 
00104 0.400000 0.400000 0.407945 0.000032 0.000000 
00105 0.400000 0.400000 0.411941 0.000032 0.000000 
00106 0.400000 0.400000 0.415936 0.000032 0.000000 
00107 0.400000 0.400000 0.419932 0.000032 0.000000 
00108 0.400000 0.400000 0.423927 0.000032 0.000000 
00109 0.400000 0.400000 0.427923 0.000032 0.000000 
00110 0.400000 0.400000 0.431969 0.000033 0.000394 
00111 0.400000 0.400000 0.435965 0.000035 0.000394 
00112 0.400000 0.400000 0.439960 0.000036 0.000394 
00113 0.400000 0.400000 0.443956 0.000038 0.000394 
00114 0.400000 0.400000 0.447951 0.000039 0.000394 
00115 0.400000 0.400000 0.451998 0.000039 0.000000 
00116 0.400000 0.400000 0.455993 0.000039 0.000000 
00117 0.400000 0.400000 0.459989 0.000039 0.000000 
00118 0.400000 0.400000 0.463984 0.000039 0.000000 
00119 0.400000 0.400000 0.467979 0.000039 0.000000 
00120 0.400000 0.400000 0.471975 0.000039 0.000000 
00121 0.400000 0.400000 0.475970 0.000039 0.000000 
00122 0.400000 0.400000 0.479966 0.000039 0.000000 
00123 0.400000 0.400000 0.483961 0.000039 0.000000 
00124 0.400000 0.400000 0.487957 0.000039 0.000000 
00125 0.400000 0.400000 0.491952 0.000039 0.000000 
00126 0.400000 0.400000 0.495948 0.000039 0.000000 
00127 0.400000 0.400000 0.499943 0.000039 0.000000 
00128 0.400000 0.400000 0.503938 0.000039 0.000000 
00129 0.400000 0.400000 0.507934 0.000039 0.000000 
00130 0.400000 0.400000 0.511929 0.000039 0.000000 
00131 0.400000 0.400000 0.515925 0.000039 0.000000 
00132 0.400000 0.400000 0.519920 0.000039 0.000000 
00133 0.400000 0.400000 0.523967 0.000041 0.000394 
00134 0.400000 0.400000 0.527962 0.000043 0.000394 
00135 0.400000 0.400000 0.531958 0.000044 0.000394 
00136 0.400000 0.400000 0.535953 0.000046 0.000394 
00137 0.400000 0.400000 0.539949 0.000047 0.000394 
00138 0.400000 0.400000 0.543995 0.000047 0.000000 
00139 0.400000 0.400000 0.547991 0.000047 0.000000 
00140 0.400000 0.400000 0.551986 0.000047 0.000000 
00141 0.400000 0.400000 0.555982 0.000047 0.000000 
00142 0.400000 0.400000 0.559977 0.000047 0.000000 
00143 0.400000 0.400000 0.563973 0.000047 0.000000 
00144 0.400000 0.400000 0.567968 0.000047 0.000000 
00145 0.400000 0.400000 0.571963 0.000047 0.000000 
00146 0.400000 0.400000 0.575959 0.000047 0.000000 
00147 0.400000 0.400000 0.579954 0.000047 0.000000 
00148 0.400000 0.400000 0.583950 0.000047 0.000000 
00149 0.400000 0.400000 0.587945 0.000047 0.000000 
00150 0.400000 0.400000 0.591941 0.000047 0.000000 
00151 0.400000 0.400000 0.595936 0.000047 0.000000 
00152 0.400000 0.400000 0.599932 0.000047 0.000000 
00153 0.400000 0.400000 0.603927 0.000047 0.000000 
00154 0.400000 0.400000 0.607922 0.000047 0.000000 
00155 0.400000 0.400000 0.611918 0.000047 0.000000 
00156 0.400000 0.400000 0.615965 0.000049 0.000394 
00157 0.400000 0.400000 0.619960 0.000051 0.000394 
00158 0.400000 0.400000 0.623955 0.000052 0.000394 
00159 0.400000 0.400000 0.627951 0.000054 0.000394 
00160 0.400000 0.400000 0.631946 0.000055 0.000394 
00161 0.400000 0.400000 0.635993 0.000055 0.000000 
00162 0.400000 0.400000 0.639988 0.000055 0.000000 
00163 0.400000 0.400000 0.643984 0.000055 0.000000 
00164 0.400000 0.400000 0.647979 0.000055 0.000000 
00165 0.400000 0.400000 0.651975 0.000055 0.000000 
00166 0.400000 0.400000 0.655970 0.000055 0.000000 
00167 0.400000 0.400000 0.659966 0.000055 0.000000 
00168 0.400000 0.400000 0.663961 0.000055 0.000000 
00169 0.400000 0.400000 0.667957 0.000055 0.000000 
00170 0.400000 0.400000 0.671952 0.000055 0.000000 
00171 0.400000 0.400000 0.675947 0.000055 0.000000 
00172 0.400000 0.400000 0.679943 0.000055 0.000000 
00173 0.400000 0.400000 0.683938 0.000055 0.000000 
00174 0.400000 0.400000 0.687934 0.000055 0.000000 
00175 0.400000 0.400000 0.691929 0.000055 0.000000 
00176 0.400000 0.400000 0.695925 0.000055 0.000000 
00177 0.400000 0.400000 0.699920 0.000055 0.000000 
00178 0.400000 0.400000 0.703916 0.000055 0.000000 
00179 0.400000 0.400000 0.707962 0.000057 0.000394 
00180 0.400000 0.400000 0.711958 0.000058 0.000394 
00181 0.400000 0.400000 0.715953 0.000060 0.000394 
00182 0.400000 0.400000 0.719949 0.000062 0.000394 
00183 0.400000 0.400000 0.723944 0.000063 0.000394 
00184 0.400000 0.400000 0.727991 0.000063 0.000000 
00185 0.400000 0.400000 0.731986 0.000063 0.000000 
00186 0.400000 0.400000 0.735982 0.000063 0.000000 
00187 0.400000 0.400000 0.739977 0.000063 0.000000 
00188 0.400000 0.400000 0.743973 0.000063 0.000000 
00189 0.400000 0.400000 0.747968 0.000063 0.000000 
00190 0.400000 0.400000 0.751963 0.000063 0.000000 
00191 0.400000 0.400000 0.755959 0.000063 0.000000 
00192 0.400000 0.400000 0.759954 0.000063 0.000000 
00193 0.400000 0.400000 0.763950 0.000063 0.000000 
00194 0.400000 0.400000 0.767945 0.000063 0.000000 
00195 0.400000 0.400000 0.771941 0.000063 0.000000 
00196 0.400000 0.400000 0.775936 0.000063 0.000000 
00197 0.400000 0.400000 0.779932 0.000063 0.000000 
00198 0.400000 0.400000 0.783927 0.000063 0.000000 
00199 0.400000 0.400000 0.787922 0.000063 0.000000 
00200 0.400000 0.400000 0.791918 0.000063 0.000000 
00201 0.400000 0.400000 0.795913 0.000063 0.000000 
00202 0.400000 0.400000 0.799960 0.000065 0.000394 
00203 0.400000 0.400000 0.803955 0.000066 0.000394 
00204 0.400000 0.400000 0.807951 0.000068 0.000394 
00205 0.400000 0.400000 0.811946 0.000069 0.000394 
00206 0.400000 0.400000 0.815942 0.000071 0.000394 
00207 0.400000 0.400000 0.819988 0.000071 0.000000 
00208 0.400000 0.400000 0.823984 0.000071 0.000000 
00209 0.400000 0.400000 0.827979 0.000071 0.000000 
00210 0.400000 0.400000 0.831975 0.000071 0.000000 
00211 0.400000 0.400000 0.835970 0.000071 0.000000 
00212 0.400000 0.400000 0.839966 0.000071 0.000000 
00213 0.400000 0.400000 0.843961 0.000071 0.000000 
00214 0.400000 0.400000 0.847957 0.000071 0.000000 
00215 0.400000 0.400000 0.851952 0.000071 0.000000 
00216 0.400000 0.400000 0.855947 0.000071 0.000000 
00217 0.400000 0.400000 0.859943 0.000071 0.000000 
00218 0.400000 0.400000 0.863938 0.000071 0.000000 
00219 0.400000 0.400000 0.867934 0.000071 0.000000 
00220 0.400000 0.400000 0.871929 0.000071 0.000000 
00221 0.400000 0.400000 0.875925 0.000071 0.000000 
00222 0.400000 0.400000 0.879920 0.000071 0.000000 
00223 0.400000 0.400000 0.883916 0.000071 0.000000 
00224 0.400000 0.400000 0.887911 0.000071 0.000000 
00225 0.400000 0.400000 0.891958 0.000073 0.000394 
00226 0.400000 0.400000 0.895953 0.000074 0.000394 
00227 0.400000 0.400000 0.899949 0.000076 0.000394 
00228 0.400000 0.400000 0.903944 0.000077 0.000394 
00229 0.400000 0.400000 0.907939 0.000079 0.000394 
00230 0.400000 0.400000 0.911986 0.000079 0.000000 
00231 0.400000 0.400000 0.915982 0.000079 0.000000 
00232 0.400000 0.400000 0.919977 0.000079 0.000000 
00233 0.400000 0.400000 0.923972 0.000079 0.000000 
00234 0.400000 0.400000 0.927968 0.000079 0.000000 
00235 0.400000 0.400000 0.931963 0.000079 0.000000 
00236 0.400000 0.400000 0.935959 0.000079 0.000000 
00237 0.400000 0.400000 0.939954 0.000079 0.000000 
00238 0.400000 0.400000 0.943950 0.000079 0.000000 
00239 0.400000 0.400000 0.947945 0.000079 0.000000 
00240 0.400000 0.400000 0.951941 0.000079 0.000000 
00241 0.400000 0.400000 0.955936 0.000079 0.000000 
00242 0.400000 0.400000 0.959932 0.000079 0.000000 
00243 0.400000 0.400000 0.963927 0.000079 0.000000 
00244 0.400000 0.400000 0.967922 0.000079 0.000000 
00245 0.400000 0.400000 0.971918 0.000079 0.000000 
00246 0.400000 0.400000 0.975913 0.000079 0.000000 
00247 0.400000 0.400000 0.979909 0.000079 0.000000 
00248 0.400000 0.400000 0.983955 0.000081 0.000394 
00249 0.400000 0.400000 0.987951 0.000082 0.000394 
00250 0.400000 0.400000 0.991946 0.000084 0.000394 
00251 0.400000 0.400000 0.995942 0.000085 0.000394 
00252 0.400000 0.400000 0.999937 0.000087 0.000394 
00253 0.400000 0.400000 1.003984 0.000087 0.000000 
00254 0.400000 0.400000 1.007979 0.000087 0.000000 
00255 0.400000 0.400000 1.011975 0.000087 0.000000 
00256 0.400000 0.400000 1.015970 0.000087 0.000000 
00257 0.400000 0.400000 1.019966 0.000087 0.000000 
00258 0.400000 0.400000 1.023961 0.000087 0.000000 
00259 0.400000 0.400000 1.027957 0.000087 0.000000 
00260 0.400000 0.400000 1.031952 0.000087 0.000000 
00261 0.400000 0.400000 1.035947 0.000087 0.000000 
00262 0.400000 0.400000 1.039943 0.000087 0.000000 
00263 0.400000 0.400000 1.043938 0.000087 0.000000 
00264 0.400000 0.400000 1.047934 0.000087 0.000000 
00265 0.400000 0.400000 1.051929 0.000087 0.000000 
00266 0.400000 0.400000 1.055925 0.000087 0.000000 
00267 0.400000 0.400000 1.059920 0.000087 0.000000 
00268 0.400000 0.400000 1.063916 0.000087 0.000000 
00269 0.400000 0.400000 1.067911 0.000087 0.000000 
00270 0.400000 0.400000 1.071906 0.000087 0.000000 
00271 0.400000 0.400000 1.075953 0.000088 0.000394 
00272 0.400000 0.400000 1.079949 0.000090 0.000394 
00273 0.400000 0.400000 1.083944 0.000092 0.000394 
00274 0.400000 0.400000 1.087940 0.000093 0.000394 
00275 0.400000 0.400000 1.091935 0.000095 0.000394 
00276 0.400000 0.400000 1.095982 0.000095 0.000000 
00277 0.400000 0.400000 1.099977 0.000095 0.000000 
00278 0.400000 0.400000 1.103972 0.000095 0.000000 
00279 0.400000 0.400000 1.107968 0.000095 0.000000 
00280 0.400000 0.400000 1.111963 0.000095 0.000000 
00281 0.400000 0.400000 1.115959 0.000095 0.000000 
00282 0.400000 0.400000 1.119954 0.000095 0.000000 
00283 0.400000 0.400000 1.123950 0.000095 0.000000 
00284 0.400000 0.400000 1.127945 0.000095 0.000000 
00285 0.400000 0.400000 1.131941 0.000095 0.000000 
00286 0.400000 0.400000 1.135936 0.000095 0.000000 
00287 0.400000 0.400000 1.139931 0.000095 0.000000 
00288 0.400000 0.400000 1.143927 0.000095 0.000000 
00289 0.400000 0.400000 1.147922 0.000095 0.000000 
00290 0.400000 0.400000 1.151918 0.000095 0.000000 
00291 0.400000 0.400000 1.155913 0.000095 0.000000 
00292 0.400000 0.400000 1.159909 0.000095 0.000000 
00293 0.400000 0.400000 1.163904 0.000095 0.000000 
00294 0.400000 0.400000 1.167951 0.000096 0.000394 
00295 0.400000 0.400000 1.171946 0.000098 0.000394 
00296 0.400000 0.400000 1.175942 0.000099 0.000394 
00297 0.400000 0.400000 1.179937 0.000101 0.000394 
00298 0.400000 0.400000 1.183933 0.000103 0.000394 
00299 0.400000 0.400000 1.187979 0.000103 0.000000 
00300 0.400000 0.400000 1.191975 0.000103 0.000000 
00301 0.400000 0.400000 1.195970 0.000103 0.000000 
00302 0.400000 0.400000 1.199966 0.000103 0.000000 
00303 0.400000 0.400000 1.203961 0.000103 0.000000 
00304 0.400000 0.400000 1.207957 0.000103 0.000000 
00305 0.400000 0.400000 1.211952 0.000103 0.000000 
00306 0.400000 0.400000 1.215947 0.000103 0.000000 
00307 0.400000 0.400000 1.219943 0.000103 0.000000 
00308 0.400000 0.400000 1.223938 0.000103 0.000000 
00309 0.400000 0.400000 1.227934 0.000103 0.000000 
00310 0.400000 0.400000 1.231929 0.000103 0.000000 
00311 0.400000 0.400000 1.235925 0.000103 0.000000 
00312 0.400000 0.400000 1.239920 0.000103 0.000000 
00313 0.400000 0.400000 1.243916 0.000103 0.000000 
00314 0.400000 0.400000 1.247911 0.000103 0.000000 
00315 0.400000 0.400000 1.251906 0.000103 0.000000 
00316 0.400000 0.400000 1.255902 0.000103 0.000000 
00317 0.400000 0.400000 1.259948 0.000104 0.000394 
00318 0.400000 0.400000 1.263944 0.000106 0.000394 
00319 0.400000 0.400000 1.267939 0.000107 0.000394 
00320 0.400000 0.400000 1.271935 0.000109 0.000394 
00321 0.400000 0.400000 1.275930 0.000110 0.000394 
00322 0.400000 0.400000 1.279977 0.000110 0.000000 
00323 0.400000 0.400000 1.283973 0.000110 0.000000 
00324 0.400000 0.400000 1.287968 0.000110 0.000000 
00325 0.400000 0.400000 1.291963 0.000110 0.000000 
00326 0.400000 0.400000 1.295959 0.000110 0.000000 
00327 0.400000 0.400000 1.299954 0.000110 0.000000 
00328 0.400000 0.400000 1.303950 0.000110 0.000000 
00329 0.400000 0.400000 1.307945 0.000110 0.000000 
00330 0.400000 0.400000 1.311941 0.000110 0.000000 
00331 0.400000 0.400000 1.315936 0.000110 0.000000 
00332 0.400000 0.400000 1.319932 0.000110 0.000000 
00333 0.400000 0.400000 1.323927 0.000110 0.000000 
00334 0.400000 0.400000 1.327922 0.000110 0.000000 
00335 0.400000 0.400000 1.331918 0.000110 0.000000 
00336 0.400000 0.400000 1.335913 0.000110 0.000000 
00337 0.400000 0.400000 1.339909 0.000110 0.000000 
00338 0.400000 0.400000 1.343904 0.000110 0.000000 
00339 0.400000 0.400000 1.347900 0.000110 0.000000 
00340 0.400000 0.400000 1.351946 0.000112 0.000394 
00341 0.400000 0.400000 1.355942 0.000114 0.000394 
00342 0.400000 0.400000 1.359937 0.000115 0.000394 
00343 0.400000 0.400000 1.363933 0.000117 0.000394 
00344 0.400000 0.400000 1.367928 0.000118 0.000394 
00345 0.400000 0.400000 1.371975 0.000118 0.000000 
00346 0.400000 0.400000 1.375970 0.000118 0.000000 
00347 0.400000 0.400000 1.379966 0.000118 0.000000 
00348 0.400000 0.400000 1.383961 0.000118 0.000000 
00349 0.400000 0.400000 1.387957 0.000118 0.000000 
00350 0.400000 0.400000 1.391952 0.000118 0.000000 
00351 0.400000 0.400000 1.395947 0.000118 0.000000 
00352 0.400000 0.400000 1.399943 0.000118 0.000000 
00353 0.400000 0.400000 1.403938 0.000118 0.000000 
00354 0.400000 0.400000 1.407934 0.000118 0.000000 
00355 0.400000 0.400000 1.411929 0.000118 0.000000 
00356 0.400000 0.400000 1.415925 0.000118 0.000000 
00357 0.400000 0.400000 1.419920 0.000118 0.000000 
00358 0.400000 0.400000 1.423916 0.000118 0.000000 
00359 0.400000 0.400000 1.427911 0.000118 0.000000 
00360 0.400000 0.400000 1.431906 0.000118 0.000000 
00361 0.400000 0.400000 1.435902 0.000118 0.000000 
00362 0.400000 0.400000 1.439897 0.000118 0.000000 
00363 0.400000 0.400000 1.443893 0.000118 0.000000 
00364 0.400000 0.400000 1.447939 0.000120 0.000394 
00365 0.400000 0.400000 1.451935 0.000122 0.000394 
00366 0.400000 0.400000 1.455930 0.000123 0.000394 
00367 0.400000 0.400000 1.459926 0.000125 0.000394 
00368 0.400000 0.400000 1.463972 0.000125 0.000000 
00369 0.400000 0.400000 1.467968 0.000125 0.000000 
00370 0.400000 0.400000 1.471963 0.000125 0.000000 
00371 0.400000 0.400000 1.475959 0.000125 0.000000 
00372 0.400000 0.400000 1.479954 0.000125 0.000000 
00373 0.400000 0.400000 1.483950 0.000125 0.000000 
00374 0.400000 0.400000 1.487945 0.000125 0.000000 
00375 0.400000 0.400000 1.491940 0.000125 0.000000 
00376 0.400000 0.400000 1.495936 0.000125 0.000000 
00377 0.400000 0.400000 1.499931 0.000125 0.000000 
00378 0.400000 0.400000 1.503927 0.000125 0.000000 
00379 0.400000 0.400000 1.507922 0.000125 0.000000 
00380 0.400000 0.400000 1.511918 0.000125 0.000000 
00381 0.400000 0.400000 1.515913 0.000125 0.000000 
00382 0.400000 0.400000 1.519909 0.000125 0.000000 
00383 0.400000 0.400000 1.523904 0.000125 0.000000 
00384 0.400000 0.400000 1.527900 0.000125 0.000000 
00385 0.400000 0.400000 1.531895 0.000125 0.000000 
00386 0.400000 0.400000 1.535890 0.000125 0.000000 
00387 0.400000 0.400000 1.539937 0.000126 0.000394 
00388 0.400000 0.400000 1.543933 0.000128 0.000394 
00389 0.400000 0.400000 1.547928 0.000129 0.000394 
00390 0.400000 0.400000 1.551923 0.000131 0.000394 
00391 0.400000 0.400000 1.555970 0.000131 0.000000 
00392 0.400000 0.400000 1.559966 0.000131 0.000000 
00393 0.400000 0.400000 1.563961 0.000131 0.000000 
00394 0.400000 0.400000 1.567956 0.000131 0.000000 
00395 0.400000 0.400000 1.571952 0.000131 0.000000 
00396 0.400000 0.400000 1.575947 0.000131 0.000000 
00397 0.400000 0.400000 1.579943 0.000131 0.000000 
00398 0.400000 0.400000 1.583938 0.000131 0.000000 
00399 0.400000 0.400000 1.587934 0.000131 0.000000 
00400 0.400000 0.400000 1.591929 0.000131 0.000000 
00401 0.400000 0.400000 1.595925 0.000131 0.000000 
00402 0.400000 0.400000 1.599920 0.000131 0.000000 
00403 0.400000 0.400000 1.603915 0.000131 0.000000 
00404 0.400000 0.400000 1.607911 0.000131 0.000000 
00405 0.400000 0.400000 1.611906 0.000131 0.000000 
00406 0.400000 0.400000 1.615902 0.000131 0.000000 
00407 0.400000 0.400000 1.619897 0.000131 0.000000 
00408 0.400000 0.400000 1.623893 0.000131 0.000000 
00409 0.400000 0.400000 1.627888 0.000131 0.000000 
00410 0.400000 0.400000 1.631935 0.000133 0.000394 
00411 0.400000 0.400000 1.635930 0.000134 0.000394 
00412 0.400000 0.400000 1.639926 0.000136 0.000394 
00413 0.400000 0.400000 1.643921 0.000137 0.000394 
00414 0.400000 0.400000 1.647968 0.000137 0.000000 
00415 0.400000 0.400000 1.651963 0.000137 0.000000 
00416 0.400000 0.400000 1.655959 0.000137 0.000000 
00417 0.400000 0.400000 1.659954 0.000137 0.000000 
00418 0.400000 0.400000 1.663950 0.000137 0.000000 
00419 0.400000 0.400000 1.667945 0.000137 0.000000 
00420 0.400000 0.400000 1.671940 0.000137 0.000000 
00421 0.400000 0.400000 1.675936 0.000137 0.000000 
00422 0.400000 0.400000 1.679931 0.000137 0.000000 
00423 0.400000 0.400000 1.683927 0.000137 0.000000 
00424 0.400000 0.400000 1.687922 0.000137 0.000000 
00425 0.400000 0.400000 1.691918 0.000137 0.000000 
00426 0.400000 0.400000 1.695913 0.000137 0.000000 
00427 0.400000 0.400000 1.699909 0.000137 0.000000 
00428 0.400000 0.400000 1.703904 0.000137 0.000000 
00429 0.400000 0.400000 1.707900 0.000137 0.000000 
00430 0.400000 0.400000 1.711895 0.000137 0.000000 
00431 0.400000 0.400000 1.715890 0.000137 0.000000 
00432 0.400000 0.400000 1.719886 0.000137 0.000000 
00433 0.400000 0.400000 1.723933 0.000139 0.000394 
00434 0.400000 0.400000 1.727928 0.000140 0.000394 
00435 0.400000 0.400000 1.731923 0.000142 0.000394 
00436 0.400000 0.400000 1.735919 0.000144 0.000394 
00437 0.400000 0.400000 1.739966 0.000144 0.000000 
00438 0.400000 0.400000 1.743961 0.000144 0.000000 
00439 0.400000 0.400000 1.747956 0.000144 0.000000 
00440 0.400000 0.400000 1.751952 0.000144 0.000000 
00441 0.400000 0.400000 1.755947 0.000144 0.000000 
00442 0.400000 0.400000 1.759943 0.000144 0.000000 
00443 0.400000 0.400000 1.763938 0.000144 0.000000 
00444 0.400000 0.400000 1.767934 0.000144 0.000000 
00445 0.400000 0.400000 1.771929 0.000144 0.000000 
00446 0.400000 0.400000 1.775925 0.000144 0.000000 
00447 0.400000 0.400000 1.779920 0.000144 0.000000 
00448 0.400000 0.400000 1.783915 0.000144 0.000000 
00449 0.400000 0.400000 1.787911 0.000144 0.000000 
00450 0.400000 0.400000 1.791906 0.000144 0.000000 
00451 0.400000 0.400000 1.795902 0.000144 0.000000 
00452 0.400000 0.400000 1.799897 0.000144 0.000000 
00453 0.400000 0.400000 1.803893 0.000144 0.000000 
00454 0.400000 0.400000 1.807888 0.000144 0.000000 
00455 0.400000 0.400000 1.811884 0.000144 0.000000 
00456 0.400000 0.400000 1.815930 0.000145 0.000394 
00457 0.400000 0.400000 1.819926 0.000147 0.000394 
00458 0.400000 0.400000 1.823921 0.000148 0.000394 
00459 0.400000 0.400000 1.827917 0.000150 0.000394 
00460 0.400000 0.400000 1.831963 0.000150 0.000000 
00461 0.400000 0.400000 1.835959 0.000150 0.000000 
00462 0.400000 0.400000 1.839954 0.000150 0.000000 
00463 0.400000 0.400000 1.843950 0.000150 0.000000 
00464 0.400000 0.400000 1.847945 0.000150 0.000000 
00465 0.400000 0.400000 1.851941 0.000150 0.000000 
00466 0.400000 0.400000 1.855936 0.000150 0.000000 
00467 0.400000 0.400000 1.859931 0.000150 0.000000 
00468 0.400000 0.400000 1.863927 0.000150 0.000000 
00469 0.400000 0.400000 1.867922 0.000150 0.000000 
00470 0.400000 0.400000 1.871918 0.000150 0.000000 
00471 0.400000 0.400000 1.875913 0.000150 0.000000 
00472 0.400000 0.400000 1.879909 0.000150 0.000000 
00473 0.400000 0.400000 1.883904 0.000150 0.000000 
00474 0.400000 0.400000 1.887900 0.000150 0.000000 
00475 0.400000 0.400000 1.891895 0.000150 0.000000 
00476 0.400000 0.400000 1.895890 0.000150 0.000000 
00477 0.400000 0.400000 1.899886 0.000150 0.000000 
00478 0.400000 0.400000 1.903881 0.000150 0.000000 
00479 0.400000 0.400000 1.907928 0.000152 0.000394 
00480 0.400000 0.400000 1.911923 0.000153 0.000394 
00481 0.400000 0.400000 1.915919 0.000155 0.000394 
00482 0.400000 0.400000 1.919914 0.000156 0.000394 
00483 0.400000 0.400000 1.923961 0.000156 0.000000 
00484 0.400000 0.400000 1.927956 0.000156 0.000000 
00485 0.400000 0.400000 1.931952 0.000156 0.000000 
00486 0.400000 0.400000 1.935947 0.000156 0.000000 
00487 0.400000 0.400000 1.939943 0.000156 0.000000 
00488 0.400000 0.400000 1.943938 0.000156 0.000000 
00489 0.400000 0.400000 1.947934 0.000156 0.000000 
00490 0.400000 0.400000 1.951929 0.000156 0.000000 
00491 0.400000 0.400000 1.955925 0.000156 0.000000 
00492 0.400000 0.400000 1.959920 0.000156 0.000000 
00493 0.400000 0.400000 1.963915 0.000156 0.000000 
00494 0.400000 0.400000 1.967911 0.000156 0.000000 
00495 0.400000 0.400000 1.971906 0.000156 0.000000 
00496 0.400000 0.400000 1.975902 0.000156 0.000000 
00497 0.400000 0.400000 1.979897 0.000156 0.000000 
00498 0.400000 0.400000 1.983893 0.000156 0.000000 
00499 0.400000 0.400000 1.987888 0.000156 0.000000 
00500 0.400000 0.400000 1.991884 0.000156 0.000000 
00501 0.400000 0.400000 1.995879 0.000156 0.000000 
00502 0.400000 0.400000 1.999926 0.000158 0.000394 
00503 0.400000 0.400000 2.003921 0.000159 0.000394 
00504 0.000000 0.000000 2.007916 0.000161 0.000394 
00000 0.000000 0.000000 2.011912 0.000163 0.000394 
