00000 0.000000 0.000000 0.000000 0.000000 0.000000 
00000 0.000000 0.000000 0.000000 0.000000 0.000000 
00001 0.005000 0.005000 0.000000 0.000000 0.000000 
00002 0.010000 0.010000 0.000000 0.000000 0.000000 
00003 0.015000 0.015000 0.000000 0.000000 0.000000 
00004 0.020000 0.020000 0.000102 0.000000 0.000000 
00005 0.025000 0.025000 0.000205 0.000000 0.000000 
00006 0.030000 0.030000 0.000410 0.000000 0.000000 
00007 0.035000 0.035000 0.000563 0.000000 0.000394 
00008 0.040000 0.040000 0.000871 0.000000 0.000394 
00009 0.045000 0.045000 0.001178 0.000000 0.000394 
00010 0.050000 0.050000 0.001537 0.000000 -0.000000 
00011 0.055000 0.055000 0.001946 0.000000 -0.000000 
00012 0.060000 0.060000 0.002459 0.000000 -0.000000 
00013 0.065000 0.065000 0.002971 0.000000 -0.000000 
00014 0.070000 0.070000 0.003483 0.000000 -0.000000 
00015 0.075000 0.075000 0.004098 0.000000 -0.000000 
00016 0.080000 0.080000 0.004713 0.000000 -0.000000 
00017 0.085000 0.085000 0.005378 0.000001 0.000394 
00018 0.090000 0.090000 0.006147 0.000001 -0.000000 
00019 0.095000 0.095000 0.006966 0.000001 -0.000000 
00020 0.100000 0.100000 0.007888 0.000001 -0.000000 
00021 0.105000 0.105000 0.008810 0.000001 -0.000000 
00022 0.110000 0.110000 0.009732 0.000001 -0.000000 
00023 0.115000 0.115000 0.010757 0.000001 -0.000000 
00024 0.120000 0.120000 0.011884 0.000001 -0.000000 
00025 0.125000 0.125000 0.013011 0.000001 -0.000000 
00026 0.130000 0.130000 0.014138 0.000001 -0.000000 
00027 0.135000 0.135000 0.015367 0.000001 -0.000000 
00028 0.140000 0.140000 0.016699 0.000001 -0.000000 
00029 0.145000 0.145000 0.017980 0.000001 0.000394 
00030 0.150000 0.150000 0.019363 0.000001 -0.000000 
00031 0.155000 0.155000 0.020797 0.000001 -0.000000 
00032 0.160000 0.160000 0.022231 0.000001 -0.000000 
00033 0.165000 0.165000 0.023768 0.000001 -0.000000 
00034 0.170000 0.170000 0.025407 0.000001 -0.000000 
00035 0.175000 0.175000 0.026944 0.000001 -0.000000 
00036 0.180000 0.180000 0.028685 0.000001 -0.000000 
00037 0.185000 0.185000 0.030376 0.000002 0.000394 
00038 0.190000 0.190000 0.032168 0.000002 -0.000000 
00039 0.195000 0.195000 0.033961 0.000002 0.000394 
00040 0.200000 0.200000 0.035857 0.000002 -0.000000 
00041 0.200000 0.200000 0.037803 0.000002 -0.000000 
00042 0.200000 0.200000 0.039750 0.000002 -0.000000 
00043 0.200000 0.200000 0.041799 0.000002 -0.000000 
00044 0.200000 0.200000 0.043745 0.000002 -0.000000 
00045 0.200000 0.200000 0.045794 0.000002 -0.000000 
00046 0.200000 0.200000 0.047740 0.000002 -0.000000 
00047 0.200000 0.200000 0.049789 0.000002 -0.000000 
00048 0.200000 0.200000 0.051736 0.000002 -0.000000 
00049 0.200000 0.200000 0.053785 0.000002 -0.000000 
00050 0.200000 0.200000 0.055731 0.000002 -0.000000 
00051 0.200000 0.200000 0.057780 0.000002 -0.000000 
00052 0.200000 0.200000 0.059778 0.000003 0.000394 
00053 0.200000 0.200000 0.061776 0.000003 -0.000000 
00054 0.200000 0.200000 0.063773 0.000004 0.000394 
00055 0.200000 0.200000 0.065771 0.000004 -0.000000 
00056 0.200000 0.200000 0.067769 0.000005 0.000394 
00057 0.200000 0.200000 0.069767 0.000005 -0.000000 
00058 0.200000 0.200000 0.071764 0.000006 0.000394 
00059 0.200000 0.200000 0.073762 0.000006 -0.000000 
00060 0.200000 0.200000 0.075760 0.000006 0.000394 
00061 0.200000 0.200000 0.077758 0.000006 -0.000000 
00062 0.200000 0.200000 0.079806 0.000006 -0.000000 
00063 0.200000 0.200000 0.081753 0.000006 -0.000000 
00064 0.200000 0.200000 0.083802 0.000006 -0.000000 
00065 0.200000 0.200000 0.085748 0.000006 -0.000000 
00066 0.200000 0.200000 0.087797 0.000006 -0.000000 
00067 0.200000 0.200000 0.089744 0.000006 -0.000000 
00068 0.200000 0.200000 0.091793 0.000006 -0.000000 
00069 0.200000 0.200000 0.093739 0.000006 -0.000000 
00070 0.200000 0.200000 0.095788 0.000006 -0.000000 
00071 0.200000 0.200000 0.097735 0.000006 -0.000000 
00072 0.200000 0.200000 0.099784 0.000006 -0.000000 
00073 0.200000 0.200000 0.101730 0.000006 -0.000000 
00074 0.200000 0.200000 0.103779 0.000006 -0.000000 
00075 0.200000 0.200000 0.105777 0.000007 0.000394 
00076 0.200000 0.200000 0.107775 0.000007 -0.000000 
00077 0.200000 0.200000 0.109772 0.000008 0.000394 
00078 0.200000 0.200000 0.111770 0.000008 -0.000000 
00079 0.200000 0.200000 0.113768 0.000009 0.000394 
00080 0.200000 0.200000 0.115765 0.000009 -0.000000 
00081 0.200000 0.200000 0.117763 0.000010 0.000394 
00082 0.200000 0.200000 0.119761 0.000010 -0.000000 
00083 0.200000 0.200000 0.121759 0.000010 0.000394 
00084 0.200000 0.200000 0.123756 0.000010 -0.000000 
00085 0.200000 0.200000 0.125805 0.000010 -0.000000 
00086 0.200000 0.200000 0.127752 0.000010 -0.000000 
00087 0.200000 0.200000 0.129801 0.000010 -0.000000 
00088 0.200000 0.200000 0.131747 0.000010 -0.000000 
00089 0.200000 0.200000 0.133796 0.000010 -0.000000 
00090 0.200000 0.200000 0.135743 0.000010 -0.000000 
00091 0.200000 0.200000 0.137792 0.000010 -0.000000 
00092 0.200000 0.200000 0.139738 0.000010 -0.000000 
00093 0.200000 0.200000 0.141787 0.000010 -0.000000 
00094 0.200000 0.200000 0.143734 0.000010 -0.000000 
00095 0.200000 0.200000 0.145783 0.000010 -0.000000 
00096 0.200000 0.200000 0.147729 0.000010 -0.000000 
00097 0.200000 0.200000 0.149778 0.000010 -0.000000 
00098 0.200000 0.200000 0.151776 0.000011 0.000394 
00099 0.200000 0.200000 0.153773 0.000011 -0.000000 
00100 0.200000 0.200000 0.155771 0.000012 0.000394 
00101 0.200000 0.200000 0.157769 0.000012 -0.000000 
00102 0.200000 0.200000 0.159767 0.000013 0.000394 
00103 0.200000 0.200000 0.161764 0.000013 -0.000000 
00104 0.200000 0.200000 0.163762 0.000013 0.000394 
00105 0.200000 0.200000 0.165760 0.000013 -0.000000 
00106 0.200000 0.200000 0.167758 0.000014 0.000394 
00107 0.200000 0.200000 0.169755 0.000014 -0.000000 
00108 0.200000 0.200000 0.171804 0.000014 -0.000000 
00109 0.200000 0.200000 0.173751 0.000014 -0.000000 
00110 0.200000 0.200000 0.175800 0.000014 -0.000000 
00111 0.200000 0.200000 0.177746 0.000014 -0.000000 
00112 0.200000 0.200000 0.179795 0.000014 -0.000000 
00113 0.200000 0.200000 0.181742 0.000014 -0.000000 
00114 0.200000 0.200000 0.183791 0.000014 -0.000000 
00115 0.200000 0.200000 0.185737 0.000014 -0.000000 
00116 0.200000 0.200000 0.187786 0.000014 -0.000000 
00117 0.200000 0.200000 0.189732 0.000014 -0.000000 
00118 0.200000 0.200000 0.191781 0.000014 -0.000000 
00119 0.200000 0.200000 0.193728 0.000014 -0.000000 
00120 0.200000 0.200000 0.195777 0.000014 -0.000000 
00121 0.200000 0.200000 0.197775 0.000015 0.000394 
00122 0.200000 0.200000 0.199772 0.000015 -0.000000 
00123 0.200000 0.200000 0.201770 0.000016 0.000394 
00124 0.200000 0.200000 0.203768 0.000016 -0.000000 
00125 0.200000 0.200000 0.205765 0.000017 0.000394 
00126 0.200000 0.200000 0.207763 0.000017 -0.000000 
00127 0.200000 0.200000 0.209761 0.000017 0.000394 
00128 0.200000 0.200000 0.211759 0.000017 -0.000000 
00129 0.200000 0.200000 0.213756 0.000018 0.000394 
00130 0.200000 0.200000 0.215754 0.000018 -0.000000 
00131 0.200000 0.200000 0.217803 0.000018 -0.000000 
00132 0.200000 0.200000 0.219750 0.000018 -0.000000 
00133 0.200000 0.200000 0.221798 0.000018 -0.000000 
00134 0.200000 0.200000 0.223745 0.000018 -0.000000 
00135 0.200000 0.200000 0.225794 0.000018 -0.000000 
00136 0.200000 0.200000 0.227740 0.000018 -0.000000 
00137 0.200000 0.200000 0.229789 0.000018 -0.000000 
00138 0.200000 0.200000 0.231736 0.000018 -0.000000 
00139 0.200000 0.200000 0.233785 0.000018 -0.000000 
00140 0.200000 0.200000 0.235731 0.000018 -0.000000 
00141 0.200000 0.200000 0.237780 0.000018 -0.000000 
00142 0.200000 0.200000 0.239727 0.000018 -0.000000 
00143 0.200000 0.200000 0.241776 0.000018 -0.000000 
00144 0.200000 0.200000 0.243773 0.000019 0.000394 
00145 0.200000 0.200000 0.245771 0.000019 -0.000000 
00146 0.200000 0.200000 0.247769 0.000020 0.000394 
00147 0.200000 0.200000 0.249767 0.000020 -0.000000 
00148 0.200000 0.200000 0.251764 0.000021 0.000394 
00149 0.200000 0.200000 0.253762 0.000021 -0.000000 
00150 0.200000 0.200000 0.255760 0.000021 0.000394 
00151 0.200000 0.200000 0.257757 0.000021 -0.000000 
00152 0.200000 0.200000 0.259755 0.000022 0.000394 
00153 0.200000 0.200000 0.261753 0.000022 -0.000000 
00154 0.200000 0.200000 0.263802 0.000022 -0.000000 
00155 0.200000 0.200000 0.265748 0.000022 -0.000000 
00156 0.200000 0.200000 0.267797 0.000022 -0.000000 
00157 0.200000 0.200000 0.271793 0.000022 -0.000000 
00158 0.200000 0.200000 0.273739 0.000022 -0.000000 
00159 0.200000 0.200000 0.275788 0.000022 -0.000000 
00160 0.200000 0.200000 0.277735 0.000022 -0.000000 
00161 0.200000 0.200000 0.279784 0.000022 -0.000000 
00162 0.200000 0.200000 0.281730 0.000022 -0.000000 
00163 0.200000 0.200000 0.283779 0.000022 -0.000000 
00164 0.200000 0.200000 0.285726 0.000022 -0.000000 
00165 0.200000 0.200000 0.287775 0.000022 -0.000000 
00166 0.200000 0.200000 0.289772 0.000023 0.000394 
00167 0.200000 0.200000 0.291770 0.000023 -0.000000 
00168 0.200000 0.200000 0.293768 0.000024 0.000394 
00169 0.200000 0.200000 0.295765 0.000024 -0.000000 
00170 0.200000 0.200000 0.297763 0.000024 0.000394 
00171 0.200000 0.200000 0.299761 0.000024 -0.000000 
00172 0.200000 0.200000 0.301759 0.000025 0.000394 
00173 0.200000 0.200000 0.303756 0.000025 -0.000000 
00174 0.200000 0.200000 0.305754 0.000026 0.000394 
00175 0.200000 0.200000 0.307752 0.000026 -0.000000 
00176 0.200000 0.200000 0.309801 0.000026 -0.000000 
00177 0.200000 0.200000 0.311747 0.000026 -0.000000 
00178 0.200000 0.200000 0.313796 0.000026 -0.000000 
00179 0.200000 0.200000 0.315743 0.000026 -0.000000 
00180 0.200000 0.200000 0.317792 0.000026 -0.000000 
00181 0.200000 0.200000 0.319738 0.000026 -0.000000 
00182 0.200000 0.200000 0.321787 0.000026 -0.000000 
00183 0.200000 0.200000 0.323734 0.000026 -0.000000 
00184 0.200000 0.200000 0.325783 0.000026 -0.000000 
00185 0.200000 0.200000 0.327729 0.000026 -0.000000 
00186 0.200000 0.200000 0.329778 0.000026 -0.000000 
00187 0.200000 0.200000 0.331724 0.000026 -0.000000 
00188 0.200000 0.200000 0.333773 0.000026 -0.000000 
00189 0.200000 0.200000 0.335771 0.000027 0.000394 
00190 0.200000 0.200000 0.337769 0.000027 -0.000000 
00191 0.200000 0.200000 0.339767 0.000028 0.000394 
00192 0.200000 0.200000 0.341764 0.000028 -0.000000 
00193 0.200000 0.200000 0.343762 0.000028 0.000394 
00194 0.200000 0.200000 0.345760 0.000028 -0.000000 
00195 0.200000 0.200000 0.347757 0.000029 0.000394 
00196 0.200000 0.200000 0.349755 0.000029 -0.000000 
00197 0.200000 0.200000 0.351753 0.000030 0.000394 
00198 0.200000 0.200000 0.353751 0.000030 -0.000000 
00199 0.200000 0.200000 0.355800 0.000030 -0.000000 
00200 0.200000 0.200000 0.357746 0.000030 -0.000000 
00201 0.200000 0.200000 0.359795 0.000030 -0.000000 
00202 0.200000 0.200000 0.361742 0.000030 -0.000000 
00203 0.200000 0.200000 0.363790 0.000030 -0.000000 
00204 0.200000 0.200000 0.365737 0.000030 -0.000000 
00205 0.200000 0.200000 0.367786 0.000030 -0.000000 
00206 0.200000 0.200000 0.369732 0.000030 -0.000000 
00207 0.200000 0.200000 0.371781 0.000030 -0.000000 
00208 0.200000 0.200000 0.373728 0.000030 -0.000000 
00209 0.200000 0.200000 0.375777 0.000030 -0.000000 
00210 0.200000 0.200000 0.377723 0.000030 -0.000000 
00211 0.200000 0.200000 0.379772 0.000030 -0.000000 
00212 0.200000 0.200000 0.381770 0.000031 0.000394 
00213 0.200000 0.200000 0.383768 0.000031 -0.000000 
00214 0.200000 0.200000 0.385765 0.000032 0.000394 
00215 0.200000 0.200000 0.387763 0.000032 -0.000000 
00216 0.200000 0.200000 0.389761 0.000032 0.000394 
00217 0.200000 0.200000 0.391759 0.000032 -0.000000 
00218 0.200000 0.200000 0.393756 0.000033 0.000394 
00219 0.200000 0.200000 0.395754 0.000033 -0.000000 
00220 0.200000 0.200000 0.397752 0.000034 0.000394 
00221 0.200000 0.200000 0.399749 0.000034 -0.000000 
00222 0.200000 0.200000 0.401798 0.000034 -0.000000 
00223 0.200000 0.200000 0.403745 0.000034 -0.000000 
00224 0.200000 0.200000 0.405794 0.000034 -0.000000 
00225 0.200000 0.200000 0.407740 0.000034 -0.000000 
00226 0.200000 0.200000 0.409789 0.000034 -0.000000 
00227 0.200000 0.200000 0.411736 0.000034 -0.000000 
00228 0.200000 0.200000 0.413785 0.000034 -0.000000 
00229 0.200000 0.200000 0.415731 0.000034 -0.000000 
00230 0.200000 0.200000 0.417780 0.000034 -0.000000 
00231 0.200000 0.200000 0.419727 0.000034 -0.000000 
00232 0.200000 0.200000 0.421776 0.000034 -0.000000 
00233 0.200000 0.200000 0.423722 0.000034 -0.000000 
00234 0.200000 0.200000 0.425771 0.000034 -0.000000 
00235 0.200000 0.200000 0.427769 0.000035 0.000394 
00236 0.200000 0.200000 0.429767 0.000035 -0.000000 
00237 0.200000 0.200000 0.431764 0.000036 0.000394 
00238 0.200000 0.200000 0.433762 0.000036 -0.000000 
00239 0.200000 0.200000 0.435760 0.000036 0.000394 
00240 0.200000 0.200000 0.437757 0.000036 -0.000000 
00241 0.200000 0.200000 0.439755 0.000037 0.000394 
00242 0.200000 0.200000 0.441753 0.000037 -0.000000 
00243 0.200000 0.200000 0.443751 0.000038 0.000394 
00244 0.200000 0.200000 0.445748 0.000038 -0.000000 
00245 0.200000 0.200000 0.447797 0.000038 -0.000000 
00246 0.200000 0.200000 0.449744 0.000038 -0.000000 
00247 0.200000 0.200000 0.451793 0.000038 -0.000000 
00248 0.200000 0.200000 0.453739 0.000038 -0.000000 
00249 0.200000 0.200000 0.455788 0.000038 -0.000000 
00250 0.200000 0.200000 0.457735 0.000038 -0.000000 
00251 0.200000 0.200000 0.459784 0.000038 -0.000000 
00252 0.200000 0.200000 0.461730 0.000038 -0.000000 
00253 0.200000 0.200000 0.463779 0.000038 -0.000000 
00254 0.200000 0.200000 0.465726 0.000038 -0.000000 
00255 0.200000 0.200000 0.467775 0.000038 -0.000000 
00256 0.200000 0.200000 0.469721 0.000038 -0.000000 
00257 0.200000 0.200000 0.471770 0.000038 -0.000000 
00258 0.200000 0.200000 0.473768 0.000039 0.000394 
00259 0.200000 0.200000 0.475765 0.000039 -0.000000 
00260 0.200000 0.200000 0.477763 0.000039 0.000394 
00261 0.200000 0.200000 0.479761 0.000039 -0.000000 
00262 0.200000 0.200000 0.481759 0.000040 0.000394 
00263 0.200000 0.200000 0.483756 0.000040 -0.000000 
00264 0.200000 0.200000 0.485754 0.000041 0.000394 
00265 0.200000 0.200000 0.487752 0.000041 -0.000000 
00266 0.200000 0.200000 0.489749 0.000042 0.000394 
00267 0.200000 0.200000 0.491747 0.000042 -0.000000 
00268 0.200000 0.200000 0.493796 0.000042 -0.000000 
00269 0.200000 0.200000 0.495743 0.000042 -0.000000 
00270 0.200000 0.200000 0.497792 0.000042 -0.000000 
00271 0.200000 0.200000 0.499738 0.000042 -0.000000 
00272 0.200000 0.200000 0.501787 0.000042 -0.000000 
00273 0.200000 0.200000 0.503734 0.000042 -0.000000 
00274 0.200000 0.200000 0.505782 0.000042 -0.000000 
00275 0.200000 0.200000 0.507729 0.000042 -0.000000 
00276 0.200000 0.200000 0.509778 0.000042 -0.000000 
00277 0.200000 0.200000 0.511724 0.000042 -0.000000 
00278 0.200000 0.200000 0.513773 0.000042 -0.000000 
00279 0.200000 0.200000 0.515720 0.000042 -0.000000 
00280 0.200000 0.200000 0.517769 0.000042 -0.000000 
00281 0.200000 0.200000 0.519767 0.000043 0.000394 
00282 0.200000 0.200000 0.521764 0.000043 -0.000000 
00283 0.200000 0.200000 0.523762 0.000043 0.000394 
00284 0.200000 0.200000 0.525760 0.000043 -0.000000 
00285 0.200000 0.200000 0.527757 0.000044 0.000394 
00286 0.200000 0.200000 0.529755 0.000044 -0.000000 
00287 0.200000 0.200000 0.531753 0.000045 0.000394 
00288 0.200000 0.200000 0.533751 0.000045 -0.000000 
00289 0.200000 0.200000 0.535748 0.000046 0.000394 
00290 0.200000 0.200000 0.537746 0.000046 -0.000000 
00291 0.200000 0.200000 0.539795 0.000046 -0.000000 
00292 0.200000 0.200000 0.541741 0.000046 -0.000000 
00293 0.200000 0.200000 0.543790 0.000046 -0.000000 
00294 0.200000 0.200000 0.545737 0.000046 -0.000000 
00295 0.200000 0.200000 0.547786 0.000046 -0.000000 
00296 0.200000 0.200000 0.549732 0.000046 -0.000000 
00297 0.200000 0.200000 0.551781 0.000046 -0.000000 
00298 0.200000 0.200000 0.553728 0.000046 -0.000000 
00299 0.200000 0.200000 0.555777 0.000046 -0.000000 
00300 0.200000 0.200000 0.557723 0.000046 -0.000000 
00301 0.200000 0.200000 0.559772 0.000046 -0.000000 
00302 0.200000 0.200000 0.561719 0.000046 -0.000000 
00303 0.200000 0.200000 0.563768 0.000046 -0.000000 
00304 0.200000 0.200000 0.565765 0.000047 0.000394 
00305 0.200000 0.200000 0.567763 0.000047 -0.000000 
00306 0.200000 0.200000 0.569761 0.000047 0.000394 
00307 0.200000 0.200000 0.571759 0.000047 -0.000000 
00308 0.200000 0.200000 0.573756 0.000048 0.000394 
00309 0.200000 0.200000 0.575754 0.000048 -0.000000 
00310 0.200000 0.200000 0.577752 0.000049 0.000394 
00311 0.200000 0.200000 0.579749 0.000049 -0.000000 
00312 0.200000 0.200000 0.581747 0.000050 0.000394 
00313 0.200000 0.200000 0.583745 0.000050 -0.000000 
00314 0.200000 0.200000 0.585794 0.000050 -0.000000 
00315 0.200000 0.200000 0.587740 0.000050 -0.000000 
00316 0.200000 0.200000 0.589789 0.000050 -0.000000 
00317 0.200000 0.200000 0.591736 0.000050 -0.000000 
00318 0.200000 0.200000 0.593785 0.000050 -0.000000 
00319 0.200000 0.200000 0.595731 0.000050 -0.000000 
00320 0.200000 0.200000 0.597780 0.000050 -0.000000 
00321 0.200000 0.200000 0.599727 0.000050 -0.000000 
00322 0.200000 0.200000 0.601776 0.000050 -0.000000 
00323 0.200000 0.200000 0.603722 0.000050 -0.000000 
00324 0.200000 0.200000 0.605771 0.000050 -0.000000 
00325 0.200000 0.200000 0.607718 0.000050 -0.000000 
00326 0.200000 0.200000 0.609767 0.000050 -0.000000 
00327 0.200000 0.200000 0.611764 0.000050 0.000394 
00328 0.200000 0.200000 0.613762 0.000050 -0.000000 
00329 0.200000 0.200000 0.615760 0.000051 0.000394 
00330 0.200000 0.200000 0.617757 0.000051 -0.000000 
00331 0.200000 0.200000 0.619755 0.000052 0.000394 
00332 0.200000 0.200000 0.621753 0.000052 -0.000000 
00333 0.200000 0.200000 0.623751 0.000053 0.000394 
00334 0.200000 0.200000 0.625748 0.000053 -0.000000 
00335 0.200000 0.200000 0.627746 0.000054 0.000394 
00336 0.200000 0.200000 0.629744 0.000054 -0.000000 
00337 0.200000 0.200000 0.631793 0.000054 -0.000000 
00338 0.200000 0.200000 0.633739 0.000054 -0.000000 
00339 0.200000 0.200000 0.635788 0.000054 -0.000000 
00340 0.200000 0.200000 0.637735 0.000054 -0.000000 
00341 0.200000 0.200000 0.639784 0.000054 -0.000000 
00342 0.200000 0.200000 0.641730 0.000054 -0.000000 
00343 0.200000 0.200000 0.643779 0.000054 -0.000000 
00344 0.200000 0.200000 0.645726 0.000054 -0.000000 
00345 0.200000 0.200000 0.647775 0.000054 -0.000000 
00346 0.200000 0.200000 0.649721 0.000054 -0.000000 
00347 0.200000 0.200000 0.651770 0.000054 -0.000000 
00348 0.200000 0.200000 0.653716 0.000054 -0.000000 
00349 0.200000 0.200000 0.655765 0.000054 -0.000000 
00350 0.200000 0.200000 0.657763 0.000054 0.000394 
00351 0.200000 0.200000 0.659761 0.000054 -0.000000 
00352 0.200000 0.200000 0.661759 0.000055 0.000394 
00353 0.200000 0.200000 0.663756 0.000055 -0.000000 
00354 0.200000 0.200000 0.665754 0.000056 0.000394 
00355 0.200000 0.200000 0.667752 0.000056 -0.000000 
00356 0.200000 0.200000 0.669749 0.000057 0.000394 
00357 0.200000 0.200000 0.671747 0.000057 -0.000000 
00358 0.200000 0.200000 0.673745 0.000058 0.000394 
00359 0.200000 0.200000 0.675743 0.000058 -0.000000 
00360 0.200000 0.200000 0.677792 0.000058 -0.000000 
00361 0.200000 0.200000 0.679738 0.000058 -0.000000 
00362 0.200000 0.200000 0.681787 0.000058 -0.000000 
00363 0.200000 0.200000 0.683734 0.000058 -0.000000 
00364 0.200000 0.200000 0.685782 0.000058 -0.000000 
00365 0.200000 0.200000 0.687729 0.000058 -0.000000 
00366 0.200000 0.200000 0.689778 0.000058 -0.000000 
00367 0.200000 0.200000 0.691724 0.000058 -0.000000 
00368 0.200000 0.200000 0.693773 0.000058 -0.000000 
00369 0.200000 0.200000 0.695720 0.000058 -0.000000 
00370 0.200000 0.200000 0.697769 0.000058 -0.000000 
00371 0.200000 0.200000 0.699715 0.000058 -0.000000 
00372 0.200000 0.200000 0.701764 0.000058 -0.000000 
00373 0.200000 0.200000 0.703762 0.000058 0.000394 
00374 0.200000 0.200000 0.705760 0.000058 -0.000000 
00375 0.200000 0.200000 0.707757 0.000059 0.000394 
00376 0.200000 0.200000 0.709755 0.000059 -0.000000 
00377 0.200000 0.200000 0.711753 0.000060 0.000394 
00378 0.200000 0.200000 0.713751 0.000060 -0.000000 
00379 0.200000 0.200000 0.715748 0.000061 0.000394 
00380 0.200000 0.200000 0.717746 0.000061 -0.000000 
00381 0.200000 0.200000 0.719744 0.000061 0.000394 
00382 0.200000 0.200000 0.721741 0.000061 -0.000000 
00383 0.200000 0.200000 0.723790 0.000061 -0.000000 
00384 0.200000 0.200000 0.725737 0.000061 -0.000000 
00385 0.200000 0.200000 0.727786 0.000061 -0.000000 
00386 0.200000 0.200000 0.729732 0.000061 -0.000000 
00387 0.200000 0.200000 0.731781 0.000061 -0.000000 
00388 0.200000 0.200000 0.733728 0.000061 -0.000000 
00389 0.200000 0.200000 0.735777 0.000061 -0.000000 
00390 0.200000 0.200000 0.737723 0.000061 -0.000000 
00391 0.200000 0.200000 0.739772 0.000061 -0.000000 
00392 0.200000 0.200000 0.741719 0.000061 -0.000000 
00393 0.200000 0.200000 0.743768 0.000061 -0.000000 
00394 0.200000 0.200000 0.745714 0.000061 -0.000000 
00395 0.200000 0.200000 0.747763 0.000061 -0.000000 
00396 0.200000 0.200000 0.749761 0.000062 0.000394 
00397 0.200000 0.200000 0.751759 0.000062 -0.000000 
00398 0.200000 0.200000 0.753756 0.000063 0.000394 
00399 0.200000 0.200000 0.755754 0.000063 -0.000000 
00400 0.200000 0.200000 0.757752 0.000064 0.000394 
00401 0.200000 0.200000 0.759749 0.000064 -0.000000 
00402 0.200000 0.200000 0.761747 0.000065 0.000394 
00403 0.200000 0.200000 0.763745 0.000065 -0.000000 
00404 0.200000 0.200000 0.765743 0.000065 0.000394 
00405 0.200000 0.200000 0.767740 0.000065 -0.000000 
00406 0.200000 0.200000 0.769789 0.000065 -0.000000 
00407 0.200000 0.200000 0.771736 0.000065 -0.000000 
00408 0.200000 0.200000 0.773785 0.000065 -0.000000 
00409 0.200000 0.200000 0.775731 0.000065 -0.000000 
00410 0.200000 0.200000 0.777780 0.000065 -0.000000 
00411 0.200000 0.200000 0.779727 0.000065 -0.000000 
00412 0.200000 0.200000 0.781776 0.000065 -0.000000 
00413 0.200000 0.200000 0.783722 0.000065 -0.000000 
00414 0.200000 0.200000 0.785771 0.000065 -0.000000 
00415 0.200000 0.200000 0.787718 0.000065 -0.000000 
00416 0.200000 0.200000 0.789766 0.000065 -0.000000 
00417 0.200000 0.200000 0.791713 0.000065 -0.000000 
00418 0.200000 0.200000 0.793762 0.000065 -0.000000 
00419 0.200000 0.200000 0.795760 0.000066 0.000394 
00420 0.200000 0.200000 0.797757 0.000066 -0.000000 
00421 0.200000 0.200000 0.799755 0.000067 0.000394 
00422 0.200000 0.200000 0.801753 0.000067 -0.000000 
00423 0.200000 0.200000 0.803751 0.000068 0.000394 
00424 0.200000 0.200000 0.805748 0.000068 -0.000000 
00425 0.200000 0.200000 0.807746 0.000069 0.000394 
00426 0.200000 0.200000 0.809744 0.000069 -0.000000 
00427 0.200000 0.200000 0.811741 0.000069 0.000394 
00428 0.200000 0.200000 0.813739 0.000069 -0.000000 
00429 0.200000 0.200000 0.815788 0.000069 -0.000000 
00430 0.200000 0.200000 0.817735 0.000069 -0.000000 
00431 0.200000 0.200000 0.819784 0.000069 -0.000000 
00432 0.200000 0.200000 0.821730 0.000069 -0.000000 
00433 0.200000 0.200000 0.823779 0.000069 -0.000000 
00434 0.200000 0.200000 0.825725 0.000069 -0.000000 
00435 0.200000 0.200000 0.827774 0.000069 -0.000000 
00436 0.200000 0.200000 0.829721 0.000069 -0.000000 
00437 0.200000 0.200000 0.831770 0.000069 -0.000000 
00438 0.200000 0.200000 0.833716 0.000069 -0.000000 
00439 0.200000 0.200000 0.835765 0.000069 -0.000000 
00440 0.200000 0.200000 0.837712 0.000069 -0.000000 
00441 0.200000 0.200000 0.839761 0.000069 -0.000000 
00442 0.200000 0.200000 0.841759 0.000070 0.000394 
00443 0.200000 0.200000 0.843756 0.000070 -0.000000 
00444 0.200000 0.200000 0.845754 0.000071 0.000394 
00445 0.200000 0.200000 0.847752 0.000071 -0.000000 
00446 0.200000 0.200000 0.849749 0.000072 0.000394 
00447 0.200000 0.200000 0.851747 0.000072 -0.000000 
00448 0.200000 0.200000 0.853745 0.000072 0.000394 
00449 0.200000 0.200000 0.855743 0.000072 -0.000000 
00450 0.200000 0.200000 0.857740 0.000073 0.000394 
00451 0.200000 0.200000 0.859738 0.000073 -0.000000 
00452 0.200000 0.200000 0.863733 0.000073 -0.000000 
00453 0.200000 0.200000 0.865782 0.000073 -0.000000 
00454 0.200000 0.200000 0.867729 0.000073 -0.000000 
00455 0.200000 0.200000 0.869778 0.000073 -0.000000 
00456 0.200000 0.200000 0.871724 0.000073 -0.000000 
00457 0.200000 0.200000 0.873773 0.000073 -0.000000 
00458 0.200000 0.200000 0.875720 0.000073 -0.000000 
00459 0.200000 0.200000 0.877769 0.000073 -0.000000 
00460 0.200000 0.200000 0.879715 0.000073 -0.000000 
00461 0.200000 0.200000 0.881764 0.000073 -0.000000 
00462 0.200000 0.200000 0.883711 0.000073 -0.000000 
00463 0.200000 0.200000 0.885760 0.000073 -0.000000 
00464 0.200000 0.200000 0.887757 0.000074 0.000394 
00465 0.200000 0.200000 0.889755 0.000074 -0.000000 
00466 0.200000 0.200000 0.891753 0.000075 0.000394 
00467 0.200000 0.200000 0.893751 0.000075 -0.000000 
00468 0.200000 0.200000 0.895748 0.000076 0.000394 
00469 0.200000 0.200000 0.897746 0.000076 -0.000000 
00470 0.200000 0.200000 0.899744 0.000076 0.000394 
00471 0.200000 0.200000 0.901741 0.000076 -0.000000 
00472 0.200000 0.200000 0.903739 0.000077 0.000394 
00473 0.200000 0.200000 0.905737 0.000077 -0.000000 
00474 0.200000 0.200000 0.907786 0.000077 -0.000000 
00475 0.200000 0.200000 0.909732 0.000077 -0.000000 
00476 0.200000 0.200000 0.911781 0.000077 -0.000000 
00477 0.200000 0.200000 0.913728 0.000077 -0.000000 
00478 0.200000 0.200000 0.915777 0.000077 -0.000000 
00479 0.200000 0.200000 0.917723 0.000077 -0.000000 
00480 0.200000 0.200000 0.919772 0.000077 -0.000000 
00481 0.200000 0.200000 0.921719 0.000077 -0.000000 
00482 0.200000 0.200000 0.923768 0.000077 -0.000000 
00483 0.200000 0.200000 0.925714 0.000077 -0.000000 
00484 0.200000 0.200000 0.927763 0.000077 -0.000000 
00485 0.200000 0.200000 0.929710 0.000077 -0.000000 
00486 0.200000 0.200000 0.931759 0.000077 -0.000000 
00487 0.200000 0.200000 0.933756 0.000078 0.000394 
00488 0.200000 0.200000 0.935754 0.000078 -0.000000 
00489 0.200000 0.200000 0.937752 0.000079 0.000394 
00490 0.200000 0.200000 0.939749 0.000079 -0.000000 
00491 0.200000 0.200000 0.941747 0.000080 0.000394 
00492 0.200000 0.200000 0.943745 0.000080 -0.000000 
00493 0.200000 0.200000 0.945743 0.000080 0.000394 
00494 0.200000 0.200000 0.947740 0.000080 -0.000000 
00495 0.200000 0.200000 0.949738 0.000081 0.000394 
00496 0.200000 0.200000 0.951736 0.000081 -0.000000 
00497 0.200000 0.200000 0.953785 0.000081 -0.000000 
00498 0.200000 0.200000 0.955731 0.000081 -0.000000 
00499 0.200000 0.200000 0.957780 0.000081 -0.000000 
00500 0.200000 0.200000 0.959727 0.000081 -0.000000 
00501 0.200000 0.200000 0.961776 0.000081 -0.000000 
00502 0.200000 0.200000 0.963722 0.000081 -0.000000 
00503 0.200000 0.200000 0.965771 0.000081 -0.000000 
00504 0.200000 0.200000 0.967718 0.000081 -0.000000 
00505 0.200000 0.200000 0.969766 0.000081 -0.000000 
00506 0.200000 0.200000 0.971713 0.000081 -0.000000 
00507 0.200000 0.200000 0.973762 0.000081 -0.000000 
00508 0.200000 0.200000 0.975708 0.000081 -0.000000 
00509 0.200000 0.200000 0.977757 0.000081 -0.000000 
00510 0.200000 0.200000 0.979755 0.000082 0.000394 
00511 0.200000 0.200000 0.981753 0.000082 -0.000000 
00512 0.200000 0.200000 0.983751 0.000083 0.000394 
00513 0.200000 0.200000 0.985748 0.000083 -0.000000 
00514 0.200000 0.200000 0.987746 0.000084 0.000394 
00515 0.200000 0.200000 0.989744 0.000084 -0.000000 
00516 0.200000 0.200000 0.991741 0.000084 0.000394 
00517 0.200000 0.200000 0.993739 0.000084 -0.000000 
00518 0.200000 0.200000 0.995737 0.000085 0.000394 
00519 0.200000 0.200000 0.997735 0.000085 -0.000000 
00520 0.200000 0.200000 0.999784 0.000085 -0.000000 
00521 0.200000 0.200000 1.001730 0.000085 -0.000000 
00522 0.200000 0.200000 1.003779 0.000085 -0.000000 
00523 0.200000 0.200000 1.005726 0.000085 -0.000000 
00524 0.200000 0.200000 1.007774 0.000085 -0.000000 
00525 0.200000 0.200000 1.009721 0.000085 -0.000000 
00526 0.200000 0.200000 1.011770 0.000085 -0.000000 
00527 0.200000 0.200000 1.013716 0.000085 -0.000000 
00528 0.200000 0.200000 1.015765 0.000085 -0.000000 
00529 0.200000 0.200000 1.017712 0.000085 -0.000000 
00530 0.200000 0.200000 1.019761 0.000085 -0.000000 
00531 0.200000 0.200000 1.021707 0.000085 -0.000000 
00532 0.200000 0.200000 1.023756 0.000085 -0.000000 
00533 0.200000 0.200000 1.025754 0.000086 0.000394 
00534 0.200000 0.200000 1.027752 0.000086 -0.000000 
00535 0.200000 0.200000 1.029749 0.000087 0.000394 
00536 0.200000 0.200000 1.031747 0.000087 -0.000000 
00537 0.200000 0.200000 1.033745 0.000087 0.000394 
00538 0.200000 0.200000 1.035743 0.000087 -0.000000 
00539 0.200000 0.200000 1.037740 0.000088 0.000394 
00540 0.200000 0.200000 1.039738 0.000088 -0.000000 
00541 0.200000 0.200000 1.041736 0.000089 0.000394 
00542 0.200000 0.200000 1.043733 0.000089 -0.000000 
00543 0.200000 0.200000 1.045782 0.000089 -0.000000 
00544 0.200000 0.200000 1.047729 0.000089 -0.000000 
00545 0.200000 0.200000 1.049778 0.000089 -0.000000 
00546 0.200000 0.200000 1.051724 0.000089 -0.000000 
00547 0.200000 0.200000 1.053773 0.000089 -0.000000 
00548 0.200000 0.200000 1.055720 0.000089 -0.000000 
00549 0.200000 0.200000 1.057769 0.000089 -0.000000 
00550 0.200000 0.200000 1.059715 0.000089 -0.000000 
00551 0.200000 0.200000 1.061764 0.000089 -0.000000 
00552 0.200000 0.200000 1.063711 0.000089 -0.000000 
00553 0.200000 0.200000 1.065760 0.000089 -0.000000 
00554 0.200000 0.200000 1.067706 0.000089 -0.000000 
00555 0.200000 0.200000 1.069755 0.000089 -0.000000 
00556 0.200000 0.200000 1.071753 0.000090 0.000394 
00557 0.200000 0.200000 1.073750 0.000090 -0.000000 
00558 0.200000 0.200000 1.075748 0.000091 0.000394 
00559 0.200000 0.200000 1.077746 0.000091 -0.000000 
00560 0.200000 0.200000 1.079744 0.000091 0.000394 
00561 0.200000 0.200000 1.081741 0.000091 -0.000000 
00562 0.200000 0.200000 1.083739 0.000092 0.000394 
00563 0.200000 0.200000 1.085737 0.000092 -0.000000 
00564 0.200000 0.200000 1.087735 0.000093 0.000394 
00565 0.200000 0.200000 1.089732 0.000093 -0.000000 
00566 0.200000 0.200000 1.091781 0.000093 -0.000000 
00567 0.200000 0.200000 1.093728 0.000093 -0.000000 
00568 0.200000 0.200000 1.095777 0.000093 -0.000000 
00569 0.200000 0.200000 1.097723 0.000093 -0.000000 
00570 0.200000 0.200000 1.099772 0.000093 -0.000000 
00571 0.200000 0.200000 1.101719 0.000093 -0.000000 
00572 0.200000 0.200000 1.103768 0.000093 -0.000000 
00573 0.200000 0.200000 1.105714 0.000093 -0.000000 
00574 0.200000 0.200000 1.107763 0.000093 -0.000000 
00575 0.200000 0.200000 1.109710 0.000093 -0.000000 
00576 0.200000 0.200000 1.111758 0.000093 -0.000000 
00577 0.200000 0.200000 1.113705 0.000093 -0.000000 
00578 0.200000 0.200000 1.115754 0.000093 -0.000000 
00579 0.200000 0.200000 1.117752 0.000094 0.000394 
00580 0.200000 0.200000 1.119749 0.000094 -0.000000 
00581 0.200000 0.200000 1.121747 0.000095 0.000394 
00582 0.200000 0.200000 1.123745 0.000095 -0.000000 
00583 0.200000 0.200000 1.125743 0.000095 0.000394 
00584 0.200000 0.200000 1.127740 0.000095 -0.000000 
00585 0.200000 0.200000 1.129738 0.000096 0.000394 
00586 0.200000 0.200000 1.131736 0.000096 -0.000000 
00587 0.200000 0.200000 1.133733 0.000097 0.000394 
00588 0.200000 0.200000 1.135731 0.000097 -0.000000 
00589 0.200000 0.200000 1.137780 0.000097 -0.000000 
00590 0.200000 0.200000 1.139727 0.000097 -0.000000 
00591 0.200000 0.200000 1.141775 0.000097 -0.000000 
00592 0.200000 0.200000 1.143722 0.000097 -0.000000 
00593 0.200000 0.200000 1.145771 0.000097 -0.000000 
00594 0.200000 0.200000 1.147717 0.000097 -0.000000 
00595 0.200000 0.200000 1.149766 0.000097 -0.000000 
00596 0.200000 0.200000 1.151713 0.000097 -0.000000 
00597 0.200000 0.200000 1.153762 0.000097 -0.000000 
00598 0.200000 0.200000 1.155708 0.000097 -0.000000 
00599 0.200000 0.200000 1.157757 0.000097 -0.000000 
00600 0.200000 0.200000 1.159704 0.000097 -0.000000 
00601 0.200000 0.200000 1.161753 0.000097 -0.000000 
00602 0.200000 0.200000 1.163751 0.000098 0.000394 
00603 0.200000 0.200000 1.165748 0.000098 -0.000000 
00604 0.200000 0.200000 1.167746 0.000098 0.000394 
00605 0.200000 0.200000 1.169744 0.000098 -0.000000 
00606 0.200000 0.200000 1.171741 0.000099 0.000394 
00607 0.200000 0.200000 1.173739 0.000099 -0.000000 
00608 0.200000 0.200000 1.175737 0.000100 0.000394 
00609 0.200000 0.200000 1.177735 0.000100 -0.000000 
00610 0.200000 0.200000 1.179732 0.000101 0.000394 
00611 0.200000 0.200000 1.181730 0.000101 -0.000000 
00612 0.200000 0.200000 1.183779 0.000101 -0.000000 
00613 0.200000 0.200000 1.185725 0.000101 -0.000000 
00614 0.200000 0.200000 1.187774 0.000101 -0.000000 
00615 0.200000 0.200000 1.189721 0.000101 -0.000000 
00616 0.200000 0.200000 1.191770 0.000101 -0.000000 
00617 0.200000 0.200000 1.193716 0.000101 -0.000000 
00618 0.200000 0.200000 1.195765 0.000101 -0.000000 
00619 0.200000 0.200000 1.197712 0.000101 -0.000000 
00620 0.200000 0.200000 1.199761 0.000101 -0.000000 
00621 0.200000 0.200000 1.201707 0.000101 -0.000000 
00622 0.200000 0.200000 1.203756 0.000101 -0.000000 
00623 0.200000 0.200000 1.205703 0.000101 -0.000000 
00624 0.200000 0.200000 1.207752 0.000101 -0.000000 
00625 0.200000 0.200000 1.209749 0.000102 0.000394 
00626 0.200000 0.200000 1.211747 0.000102 -0.000000 
00627 0.200000 0.200000 1.213745 0.000102 0.000394 
00628 0.200000 0.200000 1.215742 0.000102 -0.000000 
00629 0.200000 0.200000 1.217740 0.000103 0.000394 
00630 0.200000 0.200000 1.219738 0.000103 -0.000000 
00631 0.200000 0.200000 1.221736 0.000104 0.000394 
00632 0.200000 0.200000 1.223733 0.000104 -0.000000 
00633 0.200000 0.200000 1.225731 0.000105 0.000394 
00634 0.200000 0.200000 1.227729 0.000105 -0.000000 
00635 0.200000 0.200000 1.229778 0.000105 -0.000000 
00636 0.200000 0.200000 1.231724 0.000105 -0.000000 
00637 0.200000 0.200000 1.233773 0.000105 -0.000000 
00638 0.200000 0.200000 1.235720 0.000105 -0.000000 
00639 0.200000 0.200000 1.237769 0.000105 -0.000000 
00640 0.200000 0.200000 1.239715 0.000105 -0.000000 
00641 0.200000 0.200000 1.241764 0.000105 -0.000000 
00642 0.200000 0.200000 1.243711 0.000105 -0.000000 
00643 0.200000 0.200000 1.245760 0.000105 -0.000000 
00644 0.200000 0.200000 1.247706 0.000105 -0.000000 
00645 0.200000 0.200000 1.249755 0.000105 -0.000000 
00646 0.200000 0.200000 1.251702 0.000105 -0.000000 
00647 0.200000 0.200000 1.253750 0.000105 -0.000000 
00648 0.200000 0.200000 1.255748 0.000106 0.000394 
00649 0.200000 0.200000 1.257746 0.000106 -0.000000 
00650 0.200000 0.200000 1.259744 0.000106 0.000394 
00651 0.200000 0.200000 1.261741 0.000106 -0.000000 
00652 0.200000 0.200000 1.263739 0.000107 0.000394 
00653 0.200000 0.200000 1.265737 0.000107 -0.000000 
00654 0.200000 0.200000 1.267735 0.000108 0.000394 
00655 0.200000 0.200000 1.269732 0.000108 -0.000000 
00656 0.200000 0.200000 1.271730 0.000109 0.000394 
00657 0.200000 0.200000 1.273728 0.000109 -0.000000 
00658 0.200000 0.200000 1.275777 0.000109 -0.000000 
00659 0.200000 0.200000 1.277723 0.000109 -0.000000 
00660 0.200000 0.200000 1.279772 0.000109 -0.000000 
00661 0.200000 0.200000 1.281719 0.000109 -0.000000 
00662 0.200000 0.200000 1.283768 0.000109 -0.000000 
00663 0.200000 0.200000 1.285714 0.000109 -0.000000 
00664 0.200000 0.200000 1.287763 0.000109 -0.000000 
00665 0.200000 0.200000 1.289709 0.000109 -0.000000 
00666 0.200000 0.200000 1.291758 0.000109 -0.000000 
00667 0.200000 0.200000 1.293705 0.000109 -0.000000 
00668 0.200000 0.200000 1.295754 0.000109 -0.000000 
00669 0.200000 0.200000 1.297700 0.000109 -0.000000 
00670 0.200000 0.200000 1.299749 0.000109 -0.000000 
00671 0.200000 0.200000 1.301747 0.000109 0.000394 
00672 0.200000 0.200000 1.303745 0.000109 -0.000000 
00673 0.200000 0.200000 1.305743 0.000110 0.000394 
00674 0.200000 0.200000 1.307740 0.000110 -0.000000 
00675 0.200000 0.200000 1.309738 0.000111 0.000394 
00676 0.200000 0.200000 1.311736 0.000111 -0.000000 
00677 0.200000 0.200000 1.313733 0.000112 0.000394 
00678 0.200000 0.200000 1.315731 0.000112 -0.000000 
00679 0.200000 0.200000 1.317729 0.000113 0.000394 
00680 0.200000 0.200000 1.319727 0.000113 -0.000000 
00681 0.200000 0.200000 1.321776 0.000113 -0.000000 
00682 0.200000 0.200000 1.323722 0.000113 -0.000000 
00683 0.200000 0.200000 1.325771 0.000113 -0.000000 
00684 0.200000 0.200000 1.327717 0.000113 -0.000000 
00685 0.200000 0.200000 1.329766 0.000113 -0.000000 
00686 0.200000 0.200000 1.331713 0.000113 -0.000000 
00687 0.200000 0.200000 1.333762 0.000113 -0.000000 
00688 0.200000 0.200000 1.335708 0.000113 -0.000000 
00689 0.200000 0.200000 1.337757 0.000113 -0.000000 
00690 0.200000 0.200000 1.339704 0.000113 -0.000000 
00691 0.200000 0.200000 1.341753 0.000113 -0.000000 
00692 0.200000 0.200000 1.343699 0.000113 -0.000000 
00693 0.200000 0.200000 1.345748 0.000113 -0.000000 
00694 0.200000 0.200000 1.347746 0.000113 0.000394 
00695 0.200000 0.200000 1.349744 0.000113 -0.000000 
00696 0.200000 0.200000 1.351741 0.000114 0.000394 
00697 0.200000 0.200000 1.353739 0.000114 -0.000000 
00698 0.200000 0.200000 1.355737 0.000115 0.000394 
00699 0.200000 0.200000 1.357735 0.000115 -0.000000 
00700 0.200000 0.200000 1.359732 0.000116 0.000394 
00701 0.200000 0.200000 1.361730 0.000116 -0.000000 
00702 0.200000 0.200000 1.363728 0.000117 0.000394 
00703 0.200000 0.200000 1.365725 0.000117 -0.000000 
00704 0.200000 0.200000 1.367774 0.000117 -0.000000 
00705 0.200000 0.200000 1.369721 0.000117 -0.000000 
00706 0.200000 0.200000 1.371770 0.000117 -0.000000 
00707 0.200000 0.200000 1.373716 0.000117 -0.000000 
00708 0.200000 0.200000 1.375765 0.000117 -0.000000 
00709 0.200000 0.200000 1.377712 0.000117 -0.000000 
00710 0.200000 0.200000 1.379761 0.000117 -0.000000 
00711 0.200000 0.200000 1.381707 0.000117 -0.000000 
00712 0.200000 0.200000 1.383756 0.000117 -0.000000 
00713 0.200000 0.200000 1.385703 0.000117 -0.000000 
00714 0.200000 0.200000 1.387752 0.000117 -0.000000 
00715 0.200000 0.200000 1.389698 0.000117 -0.000000 
00716 0.200000 0.200000 1.391747 0.000117 -0.000000 
00717 0.200000 0.200000 1.393745 0.000117 0.000394 
00718 0.200000 0.200000 1.395743 0.000117 -0.000000 
00719 0.200000 0.200000 1.397740 0.000118 0.000394 
00720 0.200000 0.200000 1.399738 0.000118 -0.000000 
00721 0.200000 0.200000 1.401736 0.000119 0.000394 
00722 0.200000 0.200000 1.403733 0.000119 -0.000000 
00723 0.200000 0.200000 1.405731 0.000120 0.000394 
00724 0.200000 0.200000 1.407729 0.000120 -0.000000 
00725 0.200000 0.200000 1.409727 0.000121 0.000394 
00726 0.200000 0.200000 1.411724 0.000121 -0.000000 
00727 0.200000 0.200000 1.413773 0.000121 -0.000000 
00728 0.200000 0.200000 1.415720 0.000121 -0.000000 
00729 0.200000 0.200000 1.417769 0.000121 -0.000000 
00730 0.200000 0.200000 1.419715 0.000121 -0.000000 
00731 0.200000 0.200000 1.421764 0.000121 -0.000000 
00732 0.200000 0.200000 1.423711 0.000121 -0.000000 
00733 0.200000 0.200000 1.425760 0.000121 -0.000000 
00734 0.200000 0.200000 1.427706 0.000121 -0.000000 
00735 0.200000 0.200000 1.429755 0.000121 -0.000000 
00736 0.200000 0.200000 1.431702 0.000121 -0.000000 
00737 0.200000 0.200000 1.433750 0.000121 -0.000000 
00738 0.200000 0.200000 1.435697 0.000121 -0.000000 
00739 0.200000 0.200000 1.437746 0.000121 -0.000000 
00740 0.200000 0.200000 1.439744 0.000121 0.000394 
00741 0.200000 0.200000 1.441741 0.000121 -0.000000 
00742 0.200000 0.200000 1.443739 0.000122 0.000394 
00743 0.200000 0.200000 1.445737 0.000122 -0.000000 
00744 0.200000 0.200000 1.447734 0.000123 0.000394 
00745 0.200000 0.200000 1.449732 0.000123 -0.000000 
00746 0.200000 0.200000 1.451730 0.000124 0.000394 
00747 0.200000 0.200000 1.453728 0.000124 -0.000000 
00748 0.200000 0.200000 1.455725 0.000124 0.000394 
00749 0.200000 0.200000 1.457723 0.000124 -0.000000 
00750 0.200000 0.200000 1.459772 0.000124 -0.000000 
00751 0.200000 0.200000 1.461719 0.000124 -0.000000 
00752 0.200000 0.200000 1.463768 0.000124 -0.000000 
00753 0.200000 0.200000 1.465714 0.000124 -0.000000 
00754 0.200000 0.200000 1.467763 0.000124 -0.000000 
00755 0.200000 0.200000 1.469710 0.000124 -0.000000 
00756 0.200000 0.200000 1.471758 0.000124 -0.000000 
00757 0.200000 0.200000 1.473705 0.000124 -0.000000 
00758 0.200000 0.200000 1.475754 0.000124 -0.000000 
00759 0.200000 0.200000 1.477700 0.000124 -0.000000 
00760 0.200000 0.200000 1.479749 0.000124 -0.000000 
00761 0.200000 0.200000 1.481696 0.000124 -0.000000 
00762 0.200000 0.200000 1.483745 0.000124 -0.000000 
00763 0.200000 0.200000 1.485742 0.000125 0.000394 
00764 0.200000 0.200000 1.487740 0.000125 -0.000000 
00765 0.200000 0.200000 1.489738 0.000126 0.000394 
00766 0.200000 0.200000 1.491736 0.000126 -0.000000 
00767 0.200000 0.200000 1.493733 0.000127 0.000394 
00768 0.200000 0.200000 1.495731 0.000127 -0.000000 
00769 0.200000 0.200000 1.497729 0.000128 0.000394 
00770 0.200000 0.200000 1.499727 0.000128 -0.000000 
00771 0.200000 0.200000 1.501724 0.000128 0.000394 
00772 0.200000 0.200000 1.503722 0.000128 -0.000000 
00773 0.200000 0.200000 1.505771 0.000128 -0.000000 
00774 0.200000 0.200000 1.507717 0.000128 -0.000000 
00775 0.200000 0.200000 1.509766 0.000128 -0.000000 
00776 0.200000 0.200000 1.511713 0.000128 -0.000000 
00777 0.200000 0.200000 1.513762 0.000128 -0.000000 
00778 0.200000 0.200000 1.515708 0.000128 -0.000000 
00779 0.200000 0.200000 1.517757 0.000128 -0.000000 
00780 0.200000 0.200000 1.519704 0.000128 -0.000000 
00781 0.200000 0.200000 1.521753 0.000128 -0.000000 
00782 0.200000 0.200000 1.523699 0.000128 -0.000000 
00783 0.200000 0.200000 1.525748 0.000128 -0.000000 
00784 0.200000 0.200000 1.527695 0.000128 -0.000000 
00785 0.200000 0.200000 1.529744 0.000128 -0.000000 
00786 0.200000 0.200000 1.531741 0.000129 0.000394 
00787 0.200000 0.200000 1.533739 0.000129 -0.000000 
00788 0.200000 0.200000 1.535737 0.000130 0.000394 
00789 0.200000 0.200000 1.537735 0.000130 -0.000000 
00790 0.200000 0.200000 1.539732 0.000131 0.000394 
00791 0.200000 0.200000 1.541730 0.000131 -0.000000 
00792 0.200000 0.200000 1.543728 0.000132 0.000394 
00793 0.200000 0.200000 1.545725 0.000132 -0.000000 
00794 0.200000 0.200000 1.547723 0.000132 0.000394 
00795 0.200000 0.200000 1.549721 0.000132 -0.000000 
00796 0.200000 0.200000 1.551770 0.000132 -0.000000 
00797 0.200000 0.200000 1.553716 0.000132 -0.000000 
00798 0.200000 0.200000 1.555765 0.000132 -0.000000 
00799 0.200000 0.200000 1.557712 0.000132 -0.000000 
00800 0.200000 0.200000 1.559761 0.000132 -0.000000 
00801 0.200000 0.200000 1.561707 0.000132 -0.000000 
00802 0.200000 0.200000 1.563756 0.000132 -0.000000 
00803 0.200000 0.200000 1.565703 0.000132 -0.000000 
00804 0.200000 0.200000 1.567752 0.000132 -0.000000 
00805 0.200000 0.200000 1.569698 0.000132 -0.000000 
00806 0.200000 0.200000 1.571747 0.000132 -0.000000 
00807 0.200000 0.200000 1.573694 0.000132 -0.000000 
00808 0.200000 0.200000 1.575742 0.000132 -0.000000 
00809 0.200000 0.200000 1.577740 0.000133 0.000394 
00810 0.200000 0.200000 1.579738 0.000133 -0.000000 
00811 0.200000 0.200000 1.581736 0.000134 0.000394 
00812 0.200000 0.200000 1.583733 0.000134 -0.000000 
00813 0.200000 0.200000 1.585731 0.000135 0.000394 
00814 0.200000 0.200000 1.587729 0.000135 -0.000000 
00815 0.200000 0.200000 1.589727 0.000135 0.000394 
00816 0.200000 0.200000 1.591724 0.000135 -0.000000 
00817 0.200000 0.200000 1.593722 0.000136 0.000394 
00818 0.200000 0.200000 1.595720 0.000136 -0.000000 
00819 0.200000 0.200000 1.597769 0.000136 -0.000000 
00820 0.200000 0.200000 1.599715 0.000136 -0.000000 
00821 0.200000 0.200000 1.601764 0.000136 -0.000000 
00822 0.200000 0.200000 1.603711 0.000136 -0.000000 
00823 0.200000 0.200000 1.605760 0.000136 -0.000000 
00824 0.200000 0.200000 1.607706 0.000136 -0.000000 
00825 0.200000 0.200000 1.609755 0.000136 -0.000000 
00826 0.200000 0.200000 1.611701 0.000136 -0.000000 
00827 0.200000 0.200000 1.613750 0.000136 -0.000000 
00828 0.200000 0.200000 1.615697 0.000136 -0.000000 
00829 0.200000 0.200000 1.617746 0.000136 -0.000000 
00830 0.200000 0.200000 1.619692 0.000136 -0.000000 
00831 0.200000 0.200000 1.621741 0.000136 -0.000000 
00832 0.200000 0.200000 1.623739 0.000137 0.000394 
00833 0.200000 0.200000 1.625737 0.000137 -0.000000 
00834 0.200000 0.200000 1.627734 0.000138 0.000394 
00835 0.200000 0.200000 1.629732 0.000138 -0.000000 
00836 0.200000 0.200000 1.631730 0.000139 0.000394 
00837 0.200000 0.200000 1.633728 0.000139 -0.000000 
00838 0.200000 0.200000 1.635725 0.000139 0.000394 
00839 0.200000 0.200000 1.637723 0.000139 -0.000000 
00840 0.200000 0.200000 1.639721 0.000140 0.000394 
00841 0.200000 0.200000 1.641719 0.000140 -0.000000 
00842 0.200000 0.200000 1.643767 0.000140 -0.000000 
00843 0.200000 0.200000 1.645714 0.000140 -0.000000 
00844 0.200000 0.200000 1.647763 0.000140 -0.000000 
00845 0.200000 0.200000 1.649709 0.000140 -0.000000 
00846 0.200000 0.200000 1.651758 0.000140 -0.000000 
00847 0.200000 0.200000 1.653705 0.000140 -0.000000 
00848 0.200000 0.200000 1.655754 0.000140 -0.000000 
00849 0.200000 0.200000 1.657700 0.000140 -0.000000 
00850 0.200000 0.200000 1.659749 0.000140 -0.000000 
00851 0.200000 0.200000 1.661696 0.000140 -0.000000 
00852 0.200000 0.200000 1.663745 0.000140 -0.000000 
00853 0.200000 0.200000 1.665691 0.000140 -0.000000 
00854 0.200000 0.200000 1.667740 0.000140 -0.000000 
00855 0.200000 0.200000 1.669738 0.000141 0.000394 
00856 0.200000 0.200000 1.671736 0.000141 -0.000000 
00857 0.200000 0.200000 1.673733 0.000142 0.000394 
00858 0.200000 0.200000 1.675731 0.000142 -0.000000 
00859 0.200000 0.200000 1.677729 0.000143 0.000394 
00860 0.200000 0.200000 1.679726 0.000143 -0.000000 
00861 0.200000 0.200000 1.681724 0.000143 0.000394 
00862 0.200000 0.200000 1.683722 0.000143 -0.000000 
00863 0.200000 0.200000 1.685720 0.000144 0.000394 
00864 0.200000 0.200000 1.687717 0.000144 -0.000000 
00865 0.200000 0.200000 1.689766 0.000144 -0.000000 
00866 0.200000 0.200000 1.691713 0.000144 -0.000000 
00867 0.200000 0.200000 1.693762 0.000144 -0.000000 
00868 0.200000 0.200000 1.695708 0.000144 -0.000000 
00869 0.200000 0.200000 1.697757 0.000144 -0.000000 
00870 0.200000 0.200000 1.699704 0.000144 -0.000000 
00871 0.200000 0.200000 1.701753 0.000144 -0.000000 
00872 0.200000 0.200000 1.703699 0.000144 -0.000000 
00873 0.200000 0.200000 1.705748 0.000144 -0.000000 
00874 0.200000 0.200000 1.707695 0.000144 -0.000000 
00875 0.200000 0.200000 1.709744 0.000144 -0.000000 
00876 0.200000 0.200000 1.711690 0.000144 -0.000000 
00877 0.200000 0.200000 1.713739 0.000144 -0.000000 
00878 0.200000 0.200000 1.715737 0.000145 0.000394 
00879 0.200000 0.200000 1.717734 0.000145 -0.000000 
00880 0.200000 0.200000 1.719732 0.000146 0.000394 
00881 0.200000 0.200000 1.721730 0.000146 -0.000000 
00882 0.200000 0.200000 1.723728 0.000146 0.000394 
00883 0.200000 0.200000 1.725725 0.000146 -0.000000 
00884 0.200000 0.200000 1.727723 0.000147 0.000394 
00885 0.200000 0.200000 1.729721 0.000147 -0.000000 
00886 0.200000 0.200000 1.731719 0.000148 0.000394 
00887 0.200000 0.200000 1.733716 0.000148 -0.000000 
00888 0.200000 0.200000 1.735765 0.000148 -0.000000 
00889 0.200000 0.200000 1.737712 0.000148 -0.000000 
00890 0.200000 0.200000 1.739761 0.000148 -0.000000 
00891 0.200000 0.200000 1.741707 0.000148 -0.000000 
00892 0.200000 0.200000 1.743756 0.000148 -0.000000 
00893 0.200000 0.200000 1.745703 0.000148 -0.000000 
00894 0.200000 0.200000 1.747751 0.000148 -0.000000 
00895 0.200000 0.200000 1.749698 0.000148 -0.000000 
00896 0.200000 0.200000 1.751747 0.000148 -0.000000 
00897 0.200000 0.200000 1.753693 0.000148 -0.000000 
00898 0.200000 0.200000 1.755742 0.000148 -0.000000 
00899 0.200000 0.200000 1.757689 0.000148 -0.000000 
00900 0.200000 0.200000 1.759738 0.000148 -0.000000 
00901 0.200000 0.200000 1.761736 0.000149 0.000394 
00902 0.200000 0.200000 1.763733 0.000149 -0.000000 
00903 0.200000 0.200000 1.765731 0.000150 0.000394 
00904 0.200000 0.200000 1.767729 0.000150 -0.000000 
00905 0.200000 0.200000 1.769727 0.000150 0.000394 
00906 0.200000 0.200000 1.771724 0.000150 -0.000000 
00907 0.200000 0.200000 1.773722 0.000151 0.000394 
00908 0.200000 0.200000 1.775720 0.000151 -0.000000 
00909 0.200000 0.200000 1.777717 0.000152 0.000394 
00910 0.200000 0.200000 1.779715 0.000152 -0.000000 
00911 0.200000 0.200000 1.781764 0.000152 -0.000000 
00912 0.200000 0.200000 1.783711 0.000152 -0.000000 
00913 0.200000 0.200000 1.785759 0.000152 -0.000000 
00914 0.200000 0.200000 1.787706 0.000152 -0.000000 
00915 0.200000 0.200000 1.789755 0.000152 -0.000000 
00916 0.200000 0.200000 1.791701 0.000152 -0.000000 
00917 0.200000 0.200000 1.793750 0.000152 -0.000000 
00918 0.200000 0.200000 1.795697 0.000152 -0.000000 
00919 0.200000 0.200000 1.797746 0.000152 -0.000000 
00920 0.200000 0.200000 1.799692 0.000152 -0.000000 
00921 0.200000 0.200000 1.801741 0.000152 -0.000000 
00922 0.200000 0.200000 1.803688 0.000152 -0.000000 
00923 0.200000 0.200000 1.805737 0.000152 -0.000000 
00924 0.200000 0.200000 1.807683 0.000152 -0.000000 
00925 0.200000 0.200000 1.809732 0.000152 -0.000000 
00926 0.200000 0.200000 1.811730 0.000153 0.000394 
00927 0.200000 0.200000 1.813728 0.000153 -0.000000 
00928 0.200000 0.200000 1.815725 0.000154 0.000394 
00929 0.200000 0.200000 1.817723 0.000154 -0.000000 
00930 0.200000 0.200000 1.819721 0.000154 0.000394 
00931 0.200000 0.200000 1.821718 0.000154 -0.000000 
00932 0.200000 0.200000 1.823716 0.000155 0.000394 
00933 0.200000 0.200000 1.825714 0.000155 -0.000000 
00934 0.200000 0.200000 1.827763 0.000155 -0.000000 
00935 0.200000 0.200000 1.829709 0.000155 -0.000000 
00936 0.200000 0.200000 1.831758 0.000155 -0.000000 
00937 0.200000 0.200000 1.833705 0.000155 -0.000000 
00938 0.200000 0.200000 1.835754 0.000155 -0.000000 
00939 0.200000 0.200000 1.837700 0.000155 -0.000000 
00940 0.200000 0.200000 1.839749 0.000155 -0.000000 
00941 0.200000 0.200000 1.841696 0.000155 -0.000000 
00942 0.200000 0.200000 1.843745 0.000155 -0.000000 
00943 0.200000 0.200000 1.845691 0.000155 -0.000000 
00944 0.200000 0.200000 1.847740 0.000155 -0.000000 
00945 0.200000 0.200000 1.849687 0.000155 -0.000000 
00946 0.200000 0.200000 1.851736 0.000155 -0.000000 
00947 0.200000 0.200000 1.853682 0.000155 -0.000000 
00948 0.200000 0.200000 1.855731 0.000155 -0.000000 
00949 0.200000 0.200000 1.857729 0.000156 0.000394 
00950 0.200000 0.200000 1.859726 0.000156 -0.000000 
00951 0.200000 0.200000 1.861724 0.000157 0.000394 
00952 0.200000 0.200000 1.863722 0.000157 -0.000000 
00953 0.200000 0.200000 1.865720 0.000158 0.000394 
00954 0.200000 0.200000 1.867717 0.000158 -0.000000 
00955 0.200000 0.200000 1.869715 0.000158 0.000394 
00956 0.200000 0.200000 1.871713 0.000158 -0.000000 
00957 0.200000 0.200000 1.873762 0.000158 -0.000000 
00958 0.200000 0.200000 1.875708 0.000158 -0.000000 
00959 0.200000 0.200000 1.877757 0.000158 -0.000000 
00960 0.200000 0.200000 1.879704 0.000158 -0.000000 
00961 0.200000 0.200000 1.881753 0.000158 -0.000000 
00962 0.200000 0.200000 1.883699 0.000158 -0.000000 
00963 0.200000 0.200000 1.885748 0.000158 -0.000000 
00964 0.200000 0.200000 1.887695 0.000158 -0.000000 
00965 0.200000 0.200000 1.889744 0.000158 -0.000000 
00966 0.200000 0.200000 1.891690 0.000158 -0.000000 
00967 0.200000 0.200000 1.893739 0.000158 -0.000000 
00968 0.200000 0.200000 1.895685 0.000158 -0.000000 
00969 0.200000 0.200000 1.897734 0.000158 -0.000000 
00970 0.200000 0.200000 1.899681 0.000158 -0.000000 
00971 0.200000 0.200000 1.901730 0.000158 -0.000000 
00972 0.200000 0.200000 1.903728 0.000159 0.000394 
00973 0.200000 0.200000 1.905725 0.000159 -0.000000 
00974 0.200000 0.200000 1.907723 0.000160 0.000394 
00975 0.200000 0.200000 1.909721 0.000160 -0.000000 
00976 0.200000 0.200000 1.911718 0.000161 0.000394 
00977 0.200000 0.200000 1.913716 0.000161 -0.000000 
00978 0.200000 0.200000 1.915714 0.000161 0.000394 
00979 0.200000 0.200000 1.917712 0.000161 -0.000000 
00980 0.200000 0.200000 1.919761 0.000161 -0.000000 
00981 0.200000 0.200000 1.921707 0.000161 -0.000000 
00982 0.200000 0.200000 1.923756 0.000161 -0.000000 
00983 0.200000 0.200000 1.925703 0.000161 -0.000000 
00984 0.200000 0.200000 1.927752 0.000161 -0.000000 
00985 0.200000 0.200000 1.929698 0.000161 -0.000000 
00986 0.200000 0.200000 1.931747 0.000161 -0.000000 
00987 0.200000 0.200000 1.933693 0.000161 -0.000000 
00988 0.200000 0.200000 1.935742 0.000161 -0.000000 
00989 0.200000 0.200000 1.937689 0.000161 -0.000000 
00990 0.200000 0.200000 1.939738 0.000161 -0.000000 
00991 0.200000 0.200000 1.941684 0.000161 -0.000000 
00992 0.200000 0.200000 1.943733 0.000161 -0.000000 
00993 0.200000 0.200000 1.945680 0.000161 -0.000000 
00994 0.200000 0.200000 1.947729 0.000161 -0.000000 
00995 0.200000 0.200000 1.949726 0.000162 0.000394 
00996 0.200000 0.200000 1.951724 0.000162 -0.000000 
00997 0.200000 0.200000 1.953722 0.000163 0.000394 
00998 0.200000 0.200000 1.955720 0.000163 -0.000000 
00999 0.200000 0.200000 1.957717 0.000164 0.000394 
01000 0.200000 0.200000 1.959715 0.000164 -0.000000 
01001 0.200000 0.200000 1.961713 0.000165 0.000394 
01002 0.200000 0.200000 1.963711 0.000165 -0.000000 
01003 0.200000 0.200000 1.965760 0.000165 -0.000000 
01004 0.200000 0.200000 1.967706 0.000165 -0.000000 
01005 0.200000 0.200000 1.969755 0.000165 -0.000000 
01006 0.200000 0.200000 1.971701 0.000165 -0.000000 
01007 0.200000 0.200000 1.973750 0.000165 -0.000000 
01008 0.200000 0.200000 1.975697 0.000165 -0.000000 
01009 0.200000 0.200000 1.977746 0.000165 -0.000000 
01010 0.200000 0.200000 1.979692 0.000165 -0.000000 
01011 0.200000 0.200000 1.981741 0.000165 -0.000000 
01012 0.200000 0.200000 1.983688 0.000165 -0.000000 
01013 0.200000 0.200000 1.985737 0.000165 -0.000000 
01014 0.200000 0.200000 1.987683 0.000165 -0.000000 
01015 0.200000 0.200000 1.989732 0.000165 -0.000000 
01016 0.200000 0.200000 1.991679 0.000165 -0.000000 
01017 0.200000 0.200000 1.993728 0.000165 -0.000000 
01018 0.200000 0.200000 1.995725 0.000165 0.000394 
01019 0.200000 0.200000 1.997723 0.000165 -0.000000 
01020 0.200000 0.200000 1.999721 0.000166 0.000394 
01021 0.200000 0.200000 2.001719 0.000166 -0.000000 
01022 0.000000 0.000000 2.003716 0.000167 0.000394 
00000 0.000000 0.000000 2.005714 0.000167 -0.000000 
