00000 ,0.000, 0.000, 0.000, 0.000, 0.000 
00000 ,0.000, 0.000, 0.000, 0.000, 0.000 
00001 ,0.005, 0.005, 0.000, 0.000, 0.000 
00002 ,0.010, 0.010, 0.000, 0.000, 0.000 
00003 ,0.015, 0.015, 0.000, 0.000, 0.000 
00004 ,0.020, 0.020, 0.000, 0.000, 0.000 
00005 ,0.025, 0.025, 0.000, 0.000, 0.000 
00006 ,0.030, 0.030, 0.000, 0.000, 0.000 
00007 ,0.035, 0.035, 0.001, 0.000, 0.000 
00008 ,0.040, 0.040, 0.001, 0.000, 0.000 
00009 ,0.045, 0.045, 0.001, 0.000, 0.000 
00010 ,0.050, 0.050, 0.002, 0.000, -0.000 
00011 ,0.055, 0.055, 0.002, 0.000, -0.000 
00012 ,0.060, 0.060, 0.002, 0.000, -0.000 
00013 ,0.065, 0.065, 0.003, 0.000, -0.000 
00014 ,0.070, 0.070, 0.003, 0.000, -0.000 
00015 ,0.075, 0.075, 0.004, 0.000, -0.000 
00016 ,0.080, 0.080, 0.005, 0.000, -0.000 
00017 ,0.085, 0.085, 0.005, 0.000, 0.000 
00018 ,0.090, 0.090, 0.006, 0.000, -0.000 
00019 ,0.095, 0.095, 0.007, 0.000, -0.000 
00020 ,0.100, 0.100, 0.008, 0.000, -0.000 
00021 ,0.105, 0.105, 0.009, 0.000, -0.000 
00022 ,0.110, 0.110, 0.010, 0.000, -0.000 
00023 ,0.115, 0.115, 0.011, 0.000, -0.000 
00024 ,0.120, 0.120, 0.012, 0.000, -0.000 
00025 ,0.125, 0.125, 0.013, 0.000, -0.000 
00026 ,0.130, 0.130, 0.014, 0.000, -0.000 
00027 ,0.135, 0.135, 0.015, 0.000, -0.000 
00028 ,0.140, 0.140, 0.017, 0.000, -0.000 
00029 ,0.145, 0.145, 0.018, 0.000, 0.000 
00030 ,0.150, 0.150, 0.019, 0.000, -0.000 
00031 ,0.155, 0.155, 0.021, 0.000, -0.000 
00032 ,0.160, 0.160, 0.022, 0.000, -0.000 
00033 ,0.165, 0.165, 0.024, 0.000, -0.000 
00034 ,0.170, 0.170, 0.025, 0.000, -0.000 
00035 ,0.175, 0.175, 0.027, 0.000, -0.000 
00036 ,0.180, 0.180, 0.029, 0.000, -0.000 
00037 ,0.185, 0.185, 0.030, 0.000, 0.000 
00038 ,0.190, 0.190, 0.032, 0.000, -0.000 
00039 ,0.195, 0.195, 0.034, 0.000, 0.000 
00040 ,0.200, 0.200, 0.036, 0.000, -0.000 
00041 ,0.205, 0.205, 0.038, 0.000, -0.000 
00042 ,0.210, 0.210, 0.040, 0.000, -0.000 
00043 ,0.215, 0.215, 0.042, 0.000, -0.000 
00044 ,0.220, 0.220, 0.044, 0.000, -0.000 
00045 ,0.225, 0.225, 0.046, 0.000, -0.000 
00046 ,0.230, 0.230, 0.048, 0.000, -0.000 
00047 ,0.235, 0.235, 0.050, 0.000, -0.000 
00048 ,0.240, 0.240, 0.053, 0.000, -0.000 
00049 ,0.245, 0.245, 0.055, 0.000, 0.000 
00050 ,0.250, 0.250, 0.057, 0.000, -0.000 
00051 ,0.255, 0.255, 0.060, 0.000, 0.000 
00052 ,0.260, 0.260, 0.062, 0.000, -0.000 
00053 ,0.265, 0.265, 0.065, 0.000, -0.000 
00054 ,0.270, 0.270, 0.067, 0.000, -0.000 
00055 ,0.275, 0.275, 0.070, 0.000, -0.000 
00056 ,0.280, 0.280, 0.073, 0.000, -0.000 
00057 ,0.285, 0.285, 0.075, 0.000, -0.000 
00058 ,0.290, 0.290, 0.078, 0.000, -0.000 
00059 ,0.295, 0.295, 0.081, 0.000, -0.000 
00060 ,0.300, 0.300, 0.084, 0.000, -0.000 
00061 ,0.300, 0.300, 0.087, 0.000, -0.000 
00062 ,0.300, 0.300, 0.090, 0.000, -0.000 
00063 ,0.300, 0.300, 0.093, 0.000, 0.000 
00064 ,0.300, 0.300, 0.096, 0.000, -0.000 
00065 ,0.300, 0.300, 0.099, 0.000, -0.000 
00066 ,0.300, 0.300, 0.102, 0.000, -0.000 
00067 ,0.300, 0.300, 0.105, 0.000, -0.000 
00068 ,0.300, 0.300, 0.108, 0.000, -0.000 
00069 ,0.300, 0.300, 0.111, 0.000, -0.000 
00070 ,0.300, 0.300, 0.114, 0.000, 0.000 
00071 ,0.300, 0.300, 0.117, 0.000, -0.000 
00072 ,0.300, 0.300, 0.120, 0.000, -0.000 
00073 ,0.300, 0.300, 0.123, 0.000, -0.000 
00074 ,0.300, 0.300, 0.126, 0.000, -0.000 
00075 ,0.300, 0.300, 0.129, 0.000, -0.000 
00076 ,0.300, 0.300, 0.132, 0.000, -0.000 
00077 ,0.300, 0.300, 0.135, 0.000, 0.000 
00078 ,0.300, 0.300, 0.138, 0.000, -0.000 
00079 ,0.300, 0.300, 0.141, 0.000, -0.000 
00080 ,0.300, 0.300, 0.144, 0.000, -0.000 
00081 ,0.300, 0.300, 0.147, 0.000, -0.000 
00082 ,0.300, 0.300, 0.150, 0.000, -0.000 
00083 ,0.300, 0.300, 0.153, 0.000, -0.000 
00084 ,0.300, 0.300, 0.156, 0.000, 0.000 
00085 ,0.300, 0.300, 0.159, 0.000, -0.000 
00086 ,0.300, 0.300, 0.162, 0.000, -0.000 
00087 ,0.300, 0.300, 0.165, 0.000, -0.000 
00088 ,0.300, 0.300, 0.168, 0.000, 0.000 
00089 ,0.300, 0.300, 0.171, 0.000, -0.000 
00090 ,0.300, 0.300, 0.174, 0.000, -0.000 
00091 ,0.300, 0.300, 0.177, 0.000, 0.000 
00092 ,0.300, 0.300, 0.180, 0.000, -0.000 
00093 ,0.300, 0.300, 0.183, 0.000, -0.000 
00094 ,0.300, 0.300, 0.186, 0.000, -0.000 
00095 ,0.300, 0.300, 0.189, 0.000, 0.000 
00096 ,0.300, 0.300, 0.192, 0.000, -0.000 
00097 ,0.300, 0.300, 0.195, 0.000, -0.000 
00098 ,0.300, 0.300, 0.198, 0.000, 0.000 
00099 ,0.300, 0.300, 0.201, 0.000, -0.000 
00100 ,0.300, 0.300, 0.204, 0.000, -0.000 
00101 ,0.300, 0.300, 0.207, 0.000, -0.000 
00102 ,0.300, 0.300, 0.210, 0.000, 0.000 
00103 ,0.300, 0.300, 0.213, 0.000, -0.000 
00104 ,0.300, 0.300, 0.216, 0.000, -0.000 
00105 ,0.300, 0.300, 0.219, 0.000, -0.000 
00106 ,0.300, 0.300, 0.222, 0.000, -0.000 
00107 ,0.300, 0.300, 0.225, 0.000, -0.000 
00108 ,0.300, 0.300, 0.228, 0.000, -0.000 
00109 ,0.300, 0.300, 0.231, 0.000, 0.000 
00110 ,0.300, 0.300, 0.234, 0.000, -0.000 
00111 ,0.300, 0.300, 0.237, 0.000, -0.000 
00112 ,0.300, 0.300, 0.240, 0.000, -0.000 
00113 ,0.300, 0.300, 0.243, 0.000, -0.000 
00114 ,0.300, 0.300, 0.246, 0.000, -0.000 
00115 ,0.300, 0.300, 0.249, 0.000, -0.000 
00116 ,0.300, 0.300, 0.252, 0.000, 0.000 
00117 ,0.300, 0.300, 0.255, 0.000, -0.000 
00118 ,0.300, 0.300, 0.258, 0.000, -0.000 
00119 ,0.300, 0.300, 0.261, 0.000, -0.000 
00120 ,0.300, 0.300, 0.264, 0.000, -0.000 
00121 ,0.300, 0.300, 0.267, 0.000, -0.000 
00122 ,0.300, 0.300, 0.270, 0.000, -0.000 
00123 ,0.300, 0.300, 0.273, 0.000, 0.000 
00124 ,0.300, 0.300, 0.276, 0.000, -0.000 
00125 ,0.300, 0.300, 0.279, 0.000, -0.000 
00126 ,0.300, 0.300, 0.282, 0.000, -0.000 
00127 ,0.300, 0.300, 0.285, 0.000, -0.000 
00128 ,0.300, 0.300, 0.288, 0.000, -0.000 
00129 ,0.300, 0.300, 0.291, 0.000, -0.000 
00130 ,0.300, 0.300, 0.294, 0.000, 0.000 
00131 ,0.300, 0.300, 0.297, 0.000, -0.000 
00132 ,0.300, 0.300, 0.300, 0.000, -0.000 
00133 ,0.300, 0.300, 0.303, 0.000, -0.000 
00134 ,0.300, 0.300, 0.306, 0.000, 0.000 
00135 ,0.300, 0.300, 0.312, 0.000, -0.000 
00136 ,0.300, 0.300, 0.315, 0.000, 0.000 
00137 ,0.300, 0.300, 0.318, 0.000, -0.000 
00138 ,0.300, 0.300, 0.321, 0.000, -0.000 
00139 ,0.300, 0.300, 0.324, 0.000, -0.000 
00140 ,0.300, 0.300, 0.327, 0.000, 0.000 
00141 ,0.300, 0.300, 0.330, 0.000, -0.000 
00142 ,0.300, 0.300, 0.333, 0.000, -0.000 
00143 ,0.300, 0.300, 0.336, 0.000, 0.000 
00144 ,0.300, 0.300, 0.339, 0.000, -0.000 
00145 ,0.300, 0.300, 0.342, 0.000, -0.000 
00146 ,0.300, 0.300, 0.345, 0.000, -0.000 
00147 ,0.300, 0.300, 0.348, 0.000, 0.000 
00148 ,0.300, 0.300, 0.351, 0.000, -0.000 
00149 ,0.300, 0.300, 0.354, 0.000, -0.000 
00150 ,0.300, 0.300, 0.357, 0.000, -0.000 
00151 ,0.300, 0.300, 0.360, 0.000, -0.000 
00152 ,0.300, 0.300, 0.363, 0.000, -0.000 
00153 ,0.300, 0.300, 0.366, 0.000, -0.000 
00154 ,0.300, 0.300, 0.369, 0.000, 0.000 
00155 ,0.300, 0.300, 0.372, 0.000, -0.000 
00156 ,0.300, 0.300, 0.375, 0.000, -0.000 
00157 ,0.300, 0.300, 0.378, 0.000, -0.000 
00158 ,0.300, 0.300, 0.381, 0.000, -0.000 
00159 ,0.300, 0.300, 0.384, 0.000, -0.000 
00160 ,0.300, 0.300, 0.387, 0.000, -0.000 
00161 ,0.300, 0.300, 0.390, 0.000, 0.000 
00162 ,0.300, 0.300, 0.393, 0.000, -0.000 
00163 ,0.300, 0.300, 0.396, 0.000, -0.000 
00164 ,0.300, 0.300, 0.399, 0.000, -0.000 
00165 ,0.300, 0.300, 0.402, 0.000, -0.000 
00166 ,0.300, 0.300, 0.405, 0.000, -0.000 
00167 ,0.300, 0.300, 0.408, 0.000, -0.000 
00168 ,0.300, 0.300, 0.411, 0.000, 0.000 
00169 ,0.300, 0.300, 0.414, 0.000, -0.000 
00170 ,0.300, 0.300, 0.417, 0.000, -0.000 
00171 ,0.300, 0.300, 0.420, 0.000, -0.000 
00172 ,0.300, 0.300, 0.423, 0.000, -0.000 
00173 ,0.300, 0.300, 0.426, 0.000, -0.000 
00174 ,0.300, 0.300, 0.429, 0.000, -0.000 
00175 ,0.300, 0.300, 0.432, 0.000, 0.000 
00176 ,0.300, 0.300, 0.435, 0.000, -0.000 
00177 ,0.300, 0.300, 0.438, 0.000, -0.000 
00178 ,0.300, 0.300, 0.441, 0.000, -0.000 
00179 ,0.300, 0.300, 0.444, 0.000, 0.000 
00180 ,0.300, 0.300, 0.447, 0.000, -0.000 
00181 ,0.300, 0.300, 0.450, 0.000, -0.000 
00182 ,0.300, 0.300, 0.453, 0.000, 0.000 
00183 ,0.300, 0.300, 0.456, 0.000, -0.000 
00184 ,0.300, 0.300, 0.459, 0.000, -0.000 
00185 ,0.300, 0.300, 0.462, 0.000, -0.000 
00186 ,0.300, 0.300, 0.465, 0.000, 0.000 
00187 ,0.300, 0.300, 0.468, 0.000, -0.000 
00188 ,0.300, 0.300, 0.471, 0.000, -0.000 
00189 ,0.300, 0.300, 0.474, 0.000, 0.000 
00190 ,0.300, 0.300, 0.477, 0.000, -0.000 
00191 ,0.300, 0.300, 0.480, 0.000, -0.000 
00192 ,0.300, 0.300, 0.483, 0.000, -0.000 
00193 ,0.300, 0.300, 0.486, 0.000, 0.000 
00194 ,0.300, 0.300, 0.489, 0.000, -0.000 
00195 ,0.300, 0.300, 0.492, 0.000, -0.000 
00196 ,0.300, 0.300, 0.495, 0.000, -0.000 
00197 ,0.300, 0.300, 0.498, 0.000, -0.000 
00198 ,0.300, 0.300, 0.501, 0.000, -0.000 
00199 ,0.300, 0.300, 0.504, 0.000, -0.000 
00200 ,0.300, 0.300, 0.507, 0.000, 0.000 
00201 ,0.300, 0.300, 0.510, 0.000, -0.000 
00202 ,0.300, 0.300, 0.513, 0.000, -0.000 
00203 ,0.300, 0.300, 0.516, 0.000, -0.000 
00204 ,0.300, 0.300, 0.519, 0.000, -0.000 
00205 ,0.300, 0.300, 0.522, 0.000, -0.000 
00206 ,0.300, 0.300, 0.525, 0.000, -0.000 
00207 ,0.300, 0.300, 0.528, 0.000, 0.000 
00208 ,0.300, 0.300, 0.531, 0.000, -0.000 
00209 ,0.300, 0.300, 0.534, 0.000, -0.000 
00210 ,0.300, 0.300, 0.537, 0.000, -0.000 
00211 ,0.300, 0.300, 0.540, 0.000, -0.000 
00212 ,0.300, 0.300, 0.543, 0.000, -0.000 
00213 ,0.300, 0.300, 0.546, 0.000, -0.000 
00214 ,0.300, 0.300, 0.549, 0.000, 0.000 
00215 ,0.300, 0.300, 0.552, 0.000, -0.000 
00216 ,0.300, 0.300, 0.555, 0.000, -0.000 
00217 ,0.300, 0.300, 0.558, 0.000, -0.000 
00218 ,0.300, 0.300, 0.561, 0.000, -0.000 
00219 ,0.300, 0.300, 0.564, 0.000, -0.000 
00220 ,0.300, 0.300, 0.567, 0.000, -0.000 
00221 ,0.300, 0.300, 0.570, 0.000, 0.000 
00222 ,0.300, 0.300, 0.573, 0.000, -0.000 
00223 ,0.300, 0.300, 0.576, 0.000, -0.000 
00224 ,0.300, 0.300, 0.579, 0.000, -0.000 
00225 ,0.300, 0.300, 0.582, 0.000, 0.000 
00226 ,0.300, 0.300, 0.585, 0.000, -0.000 
00227 ,0.300, 0.300, 0.588, 0.000, -0.000 
00228 ,0.300, 0.300, 0.591, 0.000, 0.000 
00229 ,0.300, 0.300, 0.594, 0.000, -0.000 
00230 ,0.300, 0.300, 0.597, 0.000, -0.000 
00231 ,0.300, 0.300, 0.600, 0.000, -0.000 
00232 ,0.300, 0.300, 0.603, 0.000, 0.000 
00233 ,0.300, 0.300, 0.606, 0.000, -0.000 
00234 ,0.300, 0.300, 0.609, 0.000, -0.000 
00235 ,0.300, 0.300, 0.612, 0.000, 0.000 
00236 ,0.300, 0.300, 0.615, 0.000, -0.000 
00237 ,0.300, 0.300, 0.618, 0.000, -0.000 
00238 ,0.300, 0.300, 0.621, 0.000, -0.000 
00239 ,0.300, 0.300, 0.624, 0.000, 0.000 
00240 ,0.300, 0.300, 0.627, 0.000, -0.000 
00241 ,0.300, 0.300, 0.630, 0.000, -0.000 
00242 ,0.300, 0.300, 0.633, 0.000, -0.000 
00243 ,0.300, 0.300, 0.636, 0.000, -0.000 
00244 ,0.300, 0.300, 0.639, 0.000, -0.000 
00245 ,0.300, 0.300, 0.642, 0.000, -0.000 
00246 ,0.300, 0.300, 0.645, 0.000, 0.000 
00247 ,0.300, 0.300, 0.648, 0.000, -0.000 
00248 ,0.300, 0.300, 0.651, 0.000, -0.000 
00249 ,0.300, 0.300, 0.654, 0.000, -0.000 
00250 ,0.300, 0.300, 0.657, 0.000, -0.000 
00251 ,0.300, 0.300, 0.660, 0.000, -0.000 
00252 ,0.300, 0.300, 0.663, 0.000, -0.000 
00253 ,0.300, 0.300, 0.666, 0.000, 0.000 
00254 ,0.300, 0.300, 0.669, 0.000, -0.000 
00255 ,0.300, 0.300, 0.672, 0.000, -0.000 
00256 ,0.300, 0.300, 0.675, 0.000, -0.000 
00257 ,0.300, 0.300, 0.678, 0.000, -0.000 
00258 ,0.300, 0.300, 0.681, 0.000, -0.000 
00259 ,0.300, 0.300, 0.684, 0.000, -0.000 
00260 ,0.300, 0.300, 0.687, 0.000, 0.000 
00261 ,0.300, 0.300, 0.690, 0.000, -0.000 
00262 ,0.300, 0.300, 0.693, 0.000, -0.000 
00263 ,0.300, 0.300, 0.696, 0.000, -0.000 
00264 ,0.300, 0.300, 0.699, 0.000, -0.000 
00265 ,0.300, 0.300, 0.702, 0.000, -0.000 
00266 ,0.300, 0.300, 0.705, 0.000, -0.000 
00267 ,0.300, 0.300, 0.708, 0.000, 0.000 
00268 ,0.300, 0.300, 0.711, 0.000, -0.000 
00269 ,0.300, 0.300, 0.714, 0.000, -0.000 
00270 ,0.300, 0.300, 0.717, 0.000, -0.000 
00271 ,0.300, 0.300, 0.720, 0.000, 0.000 
00272 ,0.300, 0.300, 0.723, 0.000, -0.000 
00273 ,0.300, 0.300, 0.726, 0.000, -0.000 
00274 ,0.300, 0.300, 0.729, 0.000, 0.000 
00275 ,0.300, 0.300, 0.732, 0.000, -0.000 
00276 ,0.300, 0.300, 0.735, 0.000, -0.000 
00277 ,0.300, 0.300, 0.738, 0.000, -0.000 
00278 ,0.300, 0.300, 0.741, 0.000, 0.000 
00279 ,0.300, 0.300, 0.744, 0.000, -0.000 
00280 ,0.300, 0.300, 0.747, 0.000, -0.000 
00281 ,0.300, 0.300, 0.750, 0.000, 0.000 
00282 ,0.300, 0.300, 0.753, 0.000, -0.000 
00283 ,0.300, 0.300, 0.756, 0.000, -0.000 
00284 ,0.300, 0.300, 0.759, 0.000, -0.000 
00285 ,0.300, 0.300, 0.762, 0.000, 0.000 
00286 ,0.300, 0.300, 0.765, 0.000, -0.000 
00287 ,0.300, 0.300, 0.768, 0.000, -0.000 
00288 ,0.300, 0.300, 0.774, 0.000, -0.000 
00289 ,0.300, 0.300, 0.777, 0.000, -0.000 
00290 ,0.300, 0.300, 0.780, 0.000, -0.000 
00291 ,0.300, 0.300, 0.783, 0.000, 0.000 
00292 ,0.300, 0.300, 0.786, 0.000, -0.000 
00293 ,0.300, 0.300, 0.789, 0.000, -0.000 
00294 ,0.300, 0.300, 0.792, 0.000, -0.000 
00295 ,0.300, 0.300, 0.795, 0.000, -0.000 
00296 ,0.300, 0.300, 0.798, 0.000, -0.000 
00297 ,0.300, 0.300, 0.801, 0.000, -0.000 
00298 ,0.300, 0.300, 0.804, 0.000, 0.000 
00299 ,0.300, 0.300, 0.807, 0.000, -0.000 
00300 ,0.300, 0.300, 0.810, 0.000, -0.000 
00301 ,0.300, 0.300, 0.813, 0.000, -0.000 
00302 ,0.300, 0.300, 0.816, 0.000, -0.000 
00303 ,0.300, 0.300, 0.819, 0.000, -0.000 
00304 ,0.300, 0.300, 0.822, 0.000, -0.000 
00305 ,0.300, 0.300, 0.825, 0.000, 0.000 
00306 ,0.300, 0.300, 0.828, 0.000, -0.000 
00307 ,0.300, 0.300, 0.831, 0.000, -0.000 
00308 ,0.300, 0.300, 0.837, 0.000, -0.000 
00309 ,0.300, 0.300, 0.840, 0.000, -0.000 
00310 ,0.300, 0.300, 0.843, 0.000, -0.000 
00311 ,0.300, 0.300, 0.846, 0.000, 0.000 
00312 ,0.300, 0.300, 0.849, 0.000, -0.000 
00313 ,0.300, 0.300, 0.852, 0.000, -0.000 
00314 ,0.300, 0.300, 0.855, 0.000, -0.000 
00315 ,0.300, 0.300, 0.858, 0.000, 0.000 
00316 ,0.300, 0.300, 0.861, 0.000, -0.000 
00317 ,0.300, 0.300, 0.864, 0.000, -0.000 
00318 ,0.300, 0.300, 0.867, 0.000, 0.000 
00319 ,0.300, 0.300, 0.870, 0.000, -0.000 
00320 ,0.300, 0.300, 0.873, 0.000, -0.000 
00321 ,0.300, 0.300, 0.876, 0.000, -0.000 
00322 ,0.300, 0.300, 0.879, 0.000, 0.000 
00323 ,0.300, 0.300, 0.882, 0.000, -0.000 
00324 ,0.300, 0.300, 0.885, 0.000, -0.000 
00325 ,0.300, 0.300, 0.888, 0.000, 0.000 
00326 ,0.300, 0.300, 0.891, 0.000, -0.000 
00327 ,0.300, 0.300, 0.894, 0.000, -0.000 
00328 ,0.300, 0.300, 0.897, 0.000, -0.000 
00329 ,0.300, 0.300, 0.900, 0.000, 0.000 
00330 ,0.300, 0.300, 0.903, 0.000, -0.000 
00331 ,0.300, 0.300, 0.906, 0.000, -0.000 
00332 ,0.300, 0.300, 0.909, 0.000, -0.000 
00333 ,0.300, 0.300, 0.912, 0.000, -0.000 
00334 ,0.295, 0.295, 0.915, 0.000, -0.000 
00335 ,0.290, 0.290, 0.918, 0.000, -0.000 
00336 ,0.285, 0.285, 0.921, 0.000, 0.000 
00337 ,0.280, 0.280, 0.923, 0.000, -0.000 
00338 ,0.275, 0.275, 0.926, 0.000, -0.000 
00339 ,0.270, 0.270, 0.929, 0.000, 0.000 
00340 ,0.265, 0.265, 0.932, 0.000, -0.000 
00341 ,0.260, 0.260, 0.934, 0.000, -0.000 
00342 ,0.255, 0.255, 0.937, 0.000, -0.000 
00343 ,0.250, 0.250, 0.939, 0.000, -0.000 
00344 ,0.245, 0.245, 0.942, 0.000, 0.000 
00345 ,0.240, 0.240, 0.944, 0.000, -0.000 
00346 ,0.235, 0.235, 0.947, 0.000, -0.000 
00347 ,0.230, 0.230, 0.949, 0.000, -0.000 
00348 ,0.225, 0.225, 0.951, 0.000, -0.000 
00349 ,0.220, 0.220, 0.953, 0.000, -0.000 
00350 ,0.215, 0.215, 0.956, 0.000, -0.000 
00351 ,0.210, 0.210, 0.958, 0.000, -0.000 
00352 ,0.205, 0.205, 0.960, 0.000, -0.000 
00353 ,0.200, 0.200, 0.962, 0.000, -0.000 
00354 ,0.195, 0.195, 0.964, 0.000, -0.000 
00355 ,0.190, 0.190, 0.966, 0.000, -0.000 
00356 ,0.185, 0.185, 0.968, 0.000, -0.000 
00357 ,0.180, 0.180, 0.969, 0.000, -0.000 
00358 ,0.175, 0.175, 0.971, 0.000, 0.000 
00359 ,0.170, 0.170, 0.973, 0.000, -0.000 
00360 ,0.165, 0.165, 0.975, 0.000, -0.000 
00361 ,0.160, 0.160, 0.976, 0.000, -0.000 
00362 ,0.155, 0.155, 0.978, 0.000, -0.000 
00363 ,0.150, 0.150, 0.979, 0.000, 0.000 
00364 ,0.145, 0.145, 0.981, 0.000, -0.000 
00365 ,0.140, 0.140, 0.982, 0.000, -0.000 
00366 ,0.135, 0.135, 0.984, 0.000, 0.000 
00367 ,0.130, 0.130, 0.985, 0.000, -0.000 
00368 ,0.125, 0.125, 0.986, 0.000, -0.000 
00369 ,0.120, 0.120, 0.987, 0.000, 0.000 
00370 ,0.115, 0.115, 0.989, 0.000, -0.000 
00371 ,0.110, 0.110, 0.991, 0.000, -0.000 
00372 ,0.105, 0.105, 0.992, 0.000, 0.000 
00373 ,0.100, 0.100, 0.993, 0.000, -0.000 
00374 ,0.095, 0.095, 0.994, 0.000, -0.000 
00375 ,0.090, 0.090, 0.995, 0.000, -0.000 
00376 ,0.085, 0.085, 0.996, 0.000, 0.000 
00377 ,0.080, 0.080, 0.997, 0.000, -0.000 
00378 ,0.075, 0.075, 0.997, 0.000, -0.000 
00379 ,0.070, 0.070, 0.998, 0.000, -0.000 
00380 ,0.065, 0.065, 0.999, 0.000, -0.000 
00381 ,0.060, 0.060, 0.999, 0.000, -0.000 
00382 ,0.055, 0.055, 1.000, 0.000, 0.000 
00383 ,0.050, 0.050, 1.000, 0.000, 0.000 
00384 ,0.000, 0.000, 1.001, 0.000, -0.000 
00000 ,0.000, 0.000, 1.001, 0.000, -0.000 
00001 ,-0.005, 0.005, 1.001, 0.000, -0.000 
00002 ,-0.010, 0.010, 1.001, 0.000, -0.000 
00003 ,-0.015, 0.015, 1.001, 0.000, -0.000 
00004 ,-0.020, 0.020, 1.001, 0.000, 0.000 
00005 ,-0.025, 0.025, 1.001, 0.000, 0.001 
00006 ,-0.030, 0.030, 1.001, 0.000, 0.003 
00007 ,-0.035, 0.035, 1.001, 0.000, 0.004 
00008 ,-0.040, 0.040, 1.001, 0.000, 0.007 
00009 ,-0.045, 0.045, 1.001, 0.000, 0.009 
00010 ,-0.050, 0.050, 1.001, 0.000, 0.012 
00011 ,-0.055, 0.055, 1.001, 0.000, 0.015 
00012 ,-0.060, 0.060, 1.001, 0.000, 0.019 
00013 ,-0.065, 0.065, 1.001, 0.000, 0.023 
00014 ,-0.070, 0.070, 1.001, 0.000, 0.027 
00015 ,-0.075, 0.075, 1.001, 0.000, 0.031 
00016 ,-0.080, 0.080, 1.001, 0.000, 0.036 
00017 ,-0.085, 0.085, 1.001, 0.000, 0.041 
00018 ,-0.090, 0.090, 1.001, 0.000, 0.047 
00019 ,-0.095, 0.095, 1.001, 0.000, 0.054 
00020 ,-0.100, 0.100, 1.001, 0.000, 0.060 
00021 ,-0.105, 0.105, 1.001, 0.000, 0.067 
00022 ,-0.110, 0.110, 1.001, 0.000, 0.075 
00023 ,-0.115, 0.115, 1.001, 0.000, 0.083 
00024 ,-0.120, 0.120, 1.001, 0.000, 0.091 
00025 ,-0.125, 0.125, 1.001, 0.000, 0.100 
00026 ,-0.130, 0.130, 1.001, 0.000, 0.109 
00027 ,-0.135, 0.135, 1.001, 0.000, 0.118 
00028 ,-0.140, 0.140, 1.001, 0.000, 0.128 
00029 ,-0.145, 0.145, 1.001, 0.000, 0.138 
00030 ,-0.150, 0.150, 1.001, 0.000, 0.149 
00031 ,-0.150, 0.150, 1.001, 0.000, 0.160 
00032 ,-0.150, 0.150, 1.001, 0.000, 0.171 
00033 ,-0.150, 0.150, 1.001, 0.000, 0.183 
00034 ,-0.150, 0.150, 1.001, 0.000, 0.194 
00035 ,-0.150, 0.150, 1.001, 0.000, 0.206 
00036 ,-0.150, 0.150, 1.001, 0.000, 0.218 
00037 ,-0.150, 0.150, 1.001, 0.000, 0.229 
00038 ,-0.150, 0.150, 1.001, 0.000, 0.240 
00039 ,-0.150, 0.150, 1.001, 0.000, 0.252 
00040 ,-0.150, 0.150, 1.001, 0.000, 0.264 
00041 ,-0.150, 0.150, 1.001, 0.000, 0.275 
00042 ,-0.150, 0.150, 1.001, 0.000, 0.286 
00043 ,-0.150, 0.150, 1.001, 0.000, 0.298 
00044 ,-0.150, 0.150, 1.001, 0.000, 0.310 
00045 ,-0.150, 0.150, 1.001, 0.000, 0.321 
00046 ,-0.150, 0.150, 1.001, 0.000, 0.333 
00047 ,-0.150, 0.150, 1.001, 0.000, 0.344 
00048 ,-0.150, 0.150, 1.001, 0.000, 0.356 
00049 ,-0.150, 0.150, 1.001, 0.000, 0.367 
00050 ,-0.150, 0.150, 1.001, 0.000, 0.390 
00051 ,-0.150, 0.150, 1.001, 0.000, 0.402 
00052 ,-0.150, 0.150, 1.001, 0.000, 0.413 
00053 ,-0.150, 0.150, 1.001, 0.000, 0.425 
00054 ,-0.150, 0.150, 1.001, 0.000, 0.437 
00055 ,-0.150, 0.150, 1.001, 0.000, 0.448 
00056 ,-0.150, 0.150, 1.001, 0.000, 0.471 
00057 ,-0.150, 0.150, 1.001, 0.000, 0.483 
00058 ,-0.150, 0.150, 1.001, 0.000, 0.494 
00059 ,-0.150, 0.150, 1.001, 0.000, 0.506 
00060 ,-0.150, 0.150, 1.001, 0.000, 0.517 
00061 ,-0.150, 0.150, 1.001, 0.000, 0.529 
00062 ,-0.150, 0.150, 1.001, 0.000, 0.541 
00063 ,-0.150, 0.150, 1.001, 0.000, 0.552 
00064 ,-0.150, 0.150, 1.001, 0.000, 0.563 
00065 ,-0.150, 0.150, 1.001, 0.000, 0.575 
00066 ,-0.150, 0.150, 1.001, 0.000, 0.587 
00067 ,-0.150, 0.150, 1.001, 0.000, 0.598 
00068 ,-0.150, 0.150, 1.001, 0.000, 0.610 
00069 ,-0.150, 0.150, 1.001, 0.000, 0.621 
00070 ,-0.150, 0.150, 1.001, 0.000, 0.633 
00071 ,-0.150, 0.150, 1.001, 0.000, 0.644 
00072 ,-0.150, 0.150, 1.001, 0.000, 0.656 
00073 ,-0.150, 0.150, 1.001, 0.000, 0.667 
00074 ,-0.150, 0.150, 1.001, 0.000, 0.679 
00075 ,-0.150, 0.150, 1.001, 0.000, 0.690 
00076 ,-0.150, 0.150, 1.001, 0.000, 0.702 
00077 ,-0.150, 0.150, 1.001, 0.000, 0.714 
00078 ,-0.150, 0.150, 1.001, 0.000, 0.725 
00079 ,-0.150, 0.150, 1.001, 0.000, 0.736 
00080 ,-0.150, 0.150, 1.001, 0.000, 0.748 
00081 ,-0.150, 0.150, 1.001, 0.000, 0.760 
00082 ,-0.150, 0.150, 1.001, 0.000, 0.771 
00083 ,-0.150, 0.150, 1.001, 0.000, 0.783 
00084 ,-0.150, 0.150, 1.001, 0.000, 0.794 
00085 ,-0.150, 0.150, 1.001, 0.000, 0.806 
00086 ,-0.150, 0.150, 1.001, 0.000, 0.817 
00087 ,-0.150, 0.150, 1.001, 0.000, 0.829 
00088 ,-0.150, 0.150, 1.001, 0.000, 0.840 
00089 ,-0.150, 0.150, 1.001, 0.000, 0.852 
00090 ,-0.150, 0.150, 1.001, 0.000, 0.863 
00091 ,-0.150, 0.150, 1.001, 0.000, 0.875 
00092 ,-0.150, 0.150, 1.001, 0.000, 0.887 
00093 ,-0.150, 0.150, 1.001, 0.000, 0.898 
00094 ,-0.150, 0.150, 1.001, 0.000, 0.910 
00095 ,-0.150, 0.150, 1.001, 0.000, 0.921 
00096 ,-0.150, 0.150, 1.001, 0.000, 0.933 
00097 ,-0.150, 0.150, 1.001, 0.000, 0.944 
00098 ,-0.150, 0.150, 1.001, 0.000, 0.956 
00099 ,-0.150, 0.150, 1.001, 0.000, 0.967 
00100 ,-0.150, 0.150, 1.001, 0.000, 0.979 
00101 ,-0.150, 0.150, 1.001, 0.000, 0.991 
00102 ,-0.150, 0.150, 1.001, 0.000, 1.002 
00103 ,-0.150, 0.150, 1.001, 0.000, 1.013 
00104 ,-0.150, 0.150, 1.001, 0.000, 1.025 
00105 ,-0.150, 0.150, 1.001, 0.000, 1.037 
00106 ,-0.150, 0.150, 1.001, 0.000, 1.048 
00107 ,-0.150, 0.150, 1.001, 0.000, 1.060 
00108 ,-0.150, 0.150, 1.001, 0.000, 1.071 
00109 ,-0.150, 0.150, 1.001, 0.000, 1.083 
00110 ,-0.150, 0.150, 1.001, 0.000, 1.094 
00111 ,-0.150, 0.150, 1.001, 0.000, 1.106 
00112 ,-0.150, 0.150, 1.001, 0.000, 1.117 
00113 ,-0.150, 0.150, 1.001, 0.000, 1.129 
00114 ,-0.150, 0.150, 1.001, 0.000, 1.140 
00115 ,-0.150, 0.150, 1.001, 0.000, 1.152 
00116 ,-0.150, 0.150, 1.001, 0.000, 1.164 
00117 ,-0.150, 0.150, 1.001, 0.000, 1.175 
00118 ,-0.150, 0.150, 1.001, 0.000, 1.186 
00119 ,-0.150, 0.150, 1.001, 0.000, 1.198 
00120 ,-0.150, 0.150, 1.001, 0.000, 1.210 
00121 ,-0.150, 0.150, 1.001, 0.000, 1.221 
00122 ,-0.150, 0.150, 1.001, 0.000, 1.233 
00123 ,-0.150, 0.150, 1.001, 0.000, 1.244 
00124 ,-0.150, 0.150, 1.001, 0.000, 1.256 
00125 ,-0.150, 0.150, 1.001, 0.000, 1.267 
00126 ,-0.150, 0.150, 1.001, 0.000, 1.279 
00127 ,-0.150, 0.150, 1.001, 0.000, 1.290 
00128 ,-0.150, 0.150, 1.001, 0.000, 1.302 
00129 ,-0.150, 0.150, 1.001, 0.000, 1.313 
00130 ,-0.150, 0.150, 1.001, 0.000, 1.325 
00131 ,-0.150, 0.150, 1.001, 0.000, 1.337 
00132 ,-0.150, 0.150, 1.001, 0.000, 1.348 
00133 ,-0.150, 0.150, 1.001, 0.000, 1.360 
00134 ,-0.150, 0.150, 1.001, 0.000, 1.371 
00135 ,-0.150, 0.150, 1.001, 0.000, 1.383 
00136 ,-0.150, 0.150, 1.001, 0.000, 1.394 
00137 ,-0.150, 0.150, 1.001, 0.000, 1.406 
00138 ,-0.145, 0.145, 1.001, 0.000, 1.417 
00139 ,-0.140, 0.140, 1.001, 0.000, 1.429 
00140 ,-0.135, 0.135, 1.001, 0.000, 1.440 
00141 ,-0.130, 0.130, 1.001, 0.000, 1.450 
00142 ,-0.125, 0.125, 1.001, 0.000, 1.459 
00143 ,-0.120, 0.120, 1.001, 0.000, 1.469 
00144 ,-0.115, 0.115, 1.001, 0.000, 1.478 
00145 ,-0.110, 0.110, 1.001, 0.000, 1.487 
00146 ,-0.105, 0.105, 1.001, 0.000, 1.495 
00147 ,-0.100, 0.100, 1.001, 0.000, 1.503 
00148 ,-0.095, 0.095, 1.001, 0.000, 1.510 
00149 ,-0.090, 0.090, 1.001, 0.000, 1.517 
00150 ,-0.085, 0.085, 1.001, 0.000, 1.524 
00151 ,-0.080, 0.080, 1.001, 0.000, 1.530 
00152 ,-0.075, 0.075, 1.001, 0.000, 1.537 
00153 ,-0.070, 0.070, 1.001, 0.000, 1.542 
00154 ,-0.065, 0.065, 1.001, 0.000, 1.547 
00155 ,-0.060, 0.060, 1.001, 0.000, 1.552 
00156 ,-0.055, 0.055, 1.001, 0.000, 1.556 
00157 ,-0.050, 0.050, 1.001, 0.000, 1.560 
00158 ,-0.045, 0.045, 1.001, 0.000, 1.564 
00159 ,-0.040, 0.040, 1.001, 0.000, 1.567 
00160 ,-0.035, 0.035, 1.001, 0.000, 1.571 
00161 ,-0.030, 0.030, 1.001, 0.000, 1.573 
00162 ,0.000, 0.000, 1.001, 0.000, 1.575 
00000 ,0.000, 0.000, 1.001, 0.000, 1.577 
00001 ,0.005, 0.005, 1.001, 0.000, 1.577 
00002 ,0.010, 0.010, 1.001, 0.000, 1.577 
00003 ,0.015, 0.015, 1.001, 0.000, 1.577 
00004 ,0.020, 0.020, 1.001, 0.000, 1.577 
00005 ,0.025, 0.025, 1.001, 0.000, 1.577 
00006 ,0.030, 0.030, 1.001, 0.000, 1.577 
00007 ,0.035, 0.035, 1.001, 0.001, 1.577 
00008 ,0.040, 0.040, 1.001, 0.001, 1.577 
00009 ,0.045, 0.045, 1.001, 0.001, 1.577 
00010 ,0.050, 0.050, 1.001, 0.002, 1.577 
00011 ,0.055, 0.055, 1.001, 0.002, 1.577 
00012 ,0.060, 0.060, 1.001, 0.003, 1.577 
00013 ,0.065, 0.065, 1.001, 0.003, 1.577 
00014 ,0.070, 0.070, 1.001, 0.003, 1.577 
00015 ,0.075, 0.075, 1.001, 0.004, 1.577 
00016 ,0.080, 0.080, 1.001, 0.005, 1.577 
00017 ,0.085, 0.085, 1.001, 0.005, 1.577 
00018 ,0.090, 0.090, 1.001, 0.006, 1.577 
00019 ,0.095, 0.095, 1.001, 0.007, 1.577 
00020 ,0.100, 0.100, 1.001, 0.008, 1.577 
00021 ,0.105, 0.105, 1.001, 0.009, 1.577 
00022 ,0.110, 0.110, 1.001, 0.010, 1.577 
00023 ,0.115, 0.115, 1.001, 0.011, 1.577 
00024 ,0.120, 0.120, 1.001, 0.012, 1.577 
00025 ,0.125, 0.125, 1.001, 0.013, 1.577 
00026 ,0.130, 0.130, 1.001, 0.014, 1.577 
00027 ,0.135, 0.135, 1.001, 0.015, 1.577 
00028 ,0.140, 0.140, 1.001, 0.017, 1.577 
00029 ,0.145, 0.145, 1.001, 0.018, 1.577 
00030 ,0.150, 0.150, 1.001, 0.019, 1.577 
00031 ,0.155, 0.155, 1.001, 0.021, 1.577 
00032 ,0.160, 0.160, 1.001, 0.022, 1.577 
00033 ,0.165, 0.165, 1.001, 0.024, 1.577 
00034 ,0.170, 0.170, 1.001, 0.025, 1.577 
00035 ,0.175, 0.175, 1.001, 0.027, 1.577 
00036 ,0.180, 0.180, 1.001, 0.029, 1.577 
00037 ,0.185, 0.185, 1.001, 0.030, 1.577 
00038 ,0.190, 0.190, 1.001, 0.032, 1.577 
00039 ,0.195, 0.195, 1.001, 0.034, 1.577 
00040 ,0.200, 0.200, 1.001, 0.036, 1.577 
00041 ,0.205, 0.205, 1.001, 0.038, 1.577 
00042 ,0.210, 0.210, 1.001, 0.040, 1.577 
00043 ,0.215, 0.215, 1.001, 0.042, 1.577 
00044 ,0.220, 0.220, 1.001, 0.044, 1.577 
00045 ,0.225, 0.225, 1.001, 0.046, 1.577 
00046 ,0.230, 0.230, 1.001, 0.048, 1.577 
00047 ,0.235, 0.235, 1.001, 0.050, 1.577 
00048 ,0.240, 0.240, 1.001, 0.053, 1.577 
00049 ,0.245, 0.245, 1.001, 0.055, 1.577 
00050 ,0.250, 0.250, 1.001, 0.057, 1.577 
00051 ,0.255, 0.255, 1.001, 0.060, 1.577 
00052 ,0.260, 0.260, 1.001, 0.062, 1.577 
00053 ,0.265, 0.265, 1.001, 0.065, 1.577 
00054 ,0.270, 0.270, 1.001, 0.067, 1.577 
00055 ,0.275, 0.275, 1.001, 0.070, 1.577 
00056 ,0.280, 0.280, 1.001, 0.073, 1.577 
00057 ,0.285, 0.285, 1.001, 0.075, 1.577 
00058 ,0.290, 0.290, 1.001, 0.078, 1.577 
00059 ,0.295, 0.295, 1.001, 0.081, 1.577 
00060 ,0.300, 0.300, 1.001, 0.084, 1.577 
00061 ,0.300, 0.300, 1.001, 0.087, 1.577 
00062 ,0.300, 0.300, 1.001, 0.090, 1.577 
00063 ,0.300, 0.300, 1.001, 0.093, 1.577 
00064 ,0.300, 0.300, 1.001, 0.096, 1.577 
00065 ,0.300, 0.300, 1.001, 0.099, 1.577 
00066 ,0.300, 0.300, 1.001, 0.102, 1.577 
00067 ,0.300, 0.300, 1.001, 0.105, 1.577 
00068 ,0.300, 0.300, 1.001, 0.108, 1.577 
00069 ,0.300, 0.300, 1.001, 0.111, 1.577 
00070 ,0.300, 0.300, 1.001, 0.114, 1.577 
00071 ,0.300, 0.300, 1.001, 0.117, 1.577 
00072 ,0.300, 0.300, 1.001, 0.120, 1.577 
00073 ,0.300, 0.300, 1.001, 0.123, 1.577 
00074 ,0.300, 0.300, 1.001, 0.126, 1.577 
00075 ,0.300, 0.300, 1.001, 0.129, 1.577 
00076 ,0.300, 0.300, 1.001, 0.132, 1.577 
00077 ,0.300, 0.300, 1.001, 0.135, 1.577 
00078 ,0.300, 0.300, 1.001, 0.138, 1.577 
00079 ,0.300, 0.300, 1.001, 0.141, 1.577 
00080 ,0.300, 0.300, 1.001, 0.144, 1.577 
00081 ,0.300, 0.300, 1.000, 0.147, 1.577 
00082 ,0.300, 0.300, 1.000, 0.150, 1.577 
00083 ,0.300, 0.300, 1.000, 0.153, 1.577 
00084 ,0.300, 0.300, 1.000, 0.156, 1.577 
00085 ,0.300, 0.300, 1.000, 0.159, 1.577 
00086 ,0.300, 0.300, 1.000, 0.162, 1.577 
00087 ,0.300, 0.300, 1.000, 0.165, 1.577 
00088 ,0.300, 0.300, 1.000, 0.168, 1.577 
00089 ,0.300, 0.300, 1.000, 0.171, 1.577 
00090 ,0.300, 0.300, 1.000, 0.174, 1.577 
00091 ,0.300, 0.300, 1.000, 0.177, 1.577 
00092 ,0.300, 0.300, 1.000, 0.180, 1.577 
00093 ,0.300, 0.300, 1.000, 0.183, 1.577 
00094 ,0.300, 0.300, 1.000, 0.186, 1.577 
00095 ,0.300, 0.300, 1.000, 0.189, 1.577 
00096 ,0.300, 0.300, 1.000, 0.192, 1.577 
00097 ,0.300, 0.300, 1.000, 0.195, 1.577 
00098 ,0.300, 0.300, 1.000, 0.198, 1.577 
00099 ,0.300, 0.300, 1.000, 0.201, 1.577 
00100 ,0.300, 0.300, 1.000, 0.204, 1.577 
00101 ,0.300, 0.300, 1.000, 0.207, 1.577 
00102 ,0.300, 0.300, 1.000, 0.210, 1.577 
00103 ,0.300, 0.300, 1.000, 0.213, 1.577 
00104 ,0.300, 0.300, 1.000, 0.216, 1.577 
00105 ,0.300, 0.300, 1.000, 0.219, 1.577 
00106 ,0.300, 0.300, 1.000, 0.222, 1.577 
00107 ,0.300, 0.300, 1.000, 0.225, 1.577 
00108 ,0.300, 0.300, 1.000, 0.228, 1.577 
00109 ,0.300, 0.300, 1.000, 0.231, 1.577 
00110 ,0.300, 0.300, 1.000, 0.234, 1.577 
00111 ,0.300, 0.300, 1.000, 0.237, 1.577 
00112 ,0.300, 0.300, 1.000, 0.240, 1.577 
00113 ,0.300, 0.300, 1.000, 0.243, 1.577 
00114 ,0.300, 0.300, 1.000, 0.246, 1.577 
00115 ,0.300, 0.300, 1.000, 0.249, 1.577 
00116 ,0.300, 0.300, 1.000, 0.252, 1.577 
00117 ,0.300, 0.300, 1.000, 0.255, 1.577 
00118 ,0.300, 0.300, 1.000, 0.258, 1.577 
00119 ,0.300, 0.300, 1.000, 0.261, 1.577 
00120 ,0.300, 0.300, 1.000, 0.264, 1.577 
00121 ,0.300, 0.300, 1.000, 0.267, 1.577 
00122 ,0.300, 0.300, 1.000, 0.270, 1.577 
00123 ,0.300, 0.300, 1.000, 0.273, 1.577 
00124 ,0.300, 0.300, 1.000, 0.276, 1.577 
00125 ,0.300, 0.300, 1.000, 0.279, 1.577 
00126 ,0.300, 0.300, 1.000, 0.282, 1.577 
00127 ,0.300, 0.300, 1.000, 0.285, 1.577 
00128 ,0.300, 0.300, 1.000, 0.288, 1.577 
00129 ,0.300, 0.300, 1.000, 0.291, 1.577 
00130 ,0.300, 0.300, 1.000, 0.294, 1.577 
00131 ,0.300, 0.300, 1.000, 0.297, 1.577 
00132 ,0.300, 0.300, 1.000, 0.300, 1.577 
00133 ,0.300, 0.300, 1.000, 0.303, 1.577 
00134 ,0.300, 0.300, 1.000, 0.306, 1.577 
00135 ,0.300, 0.300, 0.999, 0.309, 1.577 
00136 ,0.300, 0.300, 0.999, 0.312, 1.577 
00137 ,0.300, 0.300, 0.999, 0.315, 1.577 
00138 ,0.300, 0.300, 0.999, 0.318, 1.577 
00139 ,0.300, 0.300, 0.999, 0.321, 1.577 
00140 ,0.300, 0.300, 0.999, 0.324, 1.577 
00141 ,0.300, 0.300, 0.999, 0.327, 1.577 
00142 ,0.300, 0.300, 0.999, 0.330, 1.577 
00143 ,0.300, 0.300, 0.999, 0.333, 1.577 
00144 ,0.300, 0.300, 0.999, 0.336, 1.577 
00145 ,0.300, 0.300, 0.999, 0.339, 1.577 
00146 ,0.300, 0.300, 0.999, 0.342, 1.577 
00147 ,0.300, 0.300, 0.999, 0.345, 1.577 
00148 ,0.300, 0.300, 0.999, 0.348, 1.577 
00149 ,0.300, 0.300, 0.999, 0.351, 1.577 
00150 ,0.300, 0.300, 0.999, 0.354, 1.577 
00151 ,0.300, 0.300, 0.999, 0.357, 1.577 
00152 ,0.300, 0.300, 0.999, 0.360, 1.577 
00153 ,0.300, 0.300, 0.999, 0.363, 1.577 
00154 ,0.300, 0.300, 0.999, 0.366, 1.577 
00155 ,0.300, 0.300, 0.999, 0.369, 1.577 
00156 ,0.300, 0.300, 0.999, 0.372, 1.577 
00157 ,0.300, 0.300, 0.999, 0.375, 1.577 
00158 ,0.300, 0.300, 0.999, 0.378, 1.577 
00159 ,0.300, 0.300, 0.999, 0.381, 1.577 
00160 ,0.300, 0.300, 0.999, 0.384, 1.577 
00161 ,0.300, 0.300, 0.999, 0.387, 1.577 
00162 ,0.300, 0.300, 0.999, 0.390, 1.577 
00163 ,0.300, 0.300, 0.999, 0.393, 1.577 
00164 ,0.300, 0.300, 0.999, 0.396, 1.577 
00165 ,0.300, 0.300, 0.999, 0.399, 1.577 
00166 ,0.300, 0.300, 0.999, 0.402, 1.577 
00167 ,0.300, 0.300, 0.999, 0.405, 1.577 
00168 ,0.300, 0.300, 0.999, 0.408, 1.577 
00169 ,0.300, 0.300, 0.999, 0.411, 1.577 
00170 ,0.300, 0.300, 0.999, 0.414, 1.577 
00171 ,0.300, 0.300, 0.999, 0.417, 1.577 
00172 ,0.300, 0.300, 0.999, 0.420, 1.577 
00173 ,0.300, 0.300, 0.999, 0.423, 1.577 
00174 ,0.300, 0.300, 0.999, 0.426, 1.577 
00175 ,0.300, 0.300, 0.999, 0.429, 1.577 
00176 ,0.300, 0.300, 0.999, 0.432, 1.577 
00177 ,0.300, 0.300, 0.999, 0.435, 1.577 
00178 ,0.300, 0.300, 0.999, 0.438, 1.577 
00179 ,0.300, 0.300, 0.999, 0.441, 1.577 
00180 ,0.300, 0.300, 0.999, 0.444, 1.577 
00181 ,0.300, 0.300, 0.999, 0.447, 1.577 
00182 ,0.300, 0.300, 0.999, 0.450, 1.577 
00183 ,0.300, 0.300, 0.999, 0.453, 1.577 
00184 ,0.300, 0.300, 0.999, 0.456, 1.577 
00185 ,0.300, 0.300, 0.999, 0.462, 1.577 
00186 ,0.300, 0.300, 0.999, 0.465, 1.577 
00187 ,0.300, 0.300, 0.999, 0.468, 1.577 
00188 ,0.300, 0.300, 0.998, 0.474, 1.577 
00189 ,0.300, 0.300, 0.998, 0.477, 1.577 
00190 ,0.300, 0.300, 0.998, 0.480, 1.577 
00191 ,0.300, 0.300, 0.998, 0.483, 1.577 
00192 ,0.300, 0.300, 0.998, 0.486, 1.577 
00193 ,0.300, 0.300, 0.998, 0.489, 1.577 
00194 ,0.300, 0.300, 0.998, 0.492, 1.577 
00195 ,0.300, 0.300, 0.998, 0.495, 1.577 
00196 ,0.300, 0.300, 0.998, 0.498, 1.577 
00197 ,0.300, 0.300, 0.998, 0.501, 1.577 
00198 ,0.300, 0.300, 0.998, 0.504, 1.577 
00199 ,0.300, 0.300, 0.998, 0.507, 1.577 
00200 ,0.300, 0.300, 0.998, 0.510, 1.577 
00201 ,0.300, 0.300, 0.998, 0.513, 1.577 
00202 ,0.300, 0.300, 0.998, 0.516, 1.577 
00203 ,0.300, 0.300, 0.998, 0.519, 1.577 
00204 ,0.300, 0.300, 0.998, 0.522, 1.577 
00205 ,0.300, 0.300, 0.998, 0.525, 1.577 
00206 ,0.300, 0.300, 0.998, 0.528, 1.577 
00207 ,0.300, 0.300, 0.998, 0.531, 1.577 
00208 ,0.300, 0.300, 0.998, 0.534, 1.577 
00209 ,0.300, 0.300, 0.998, 0.537, 1.577 
00210 ,0.300, 0.300, 0.998, 0.540, 1.577 
00211 ,0.300, 0.300, 0.998, 0.543, 1.577 
00212 ,0.300, 0.300, 0.998, 0.546, 1.577 
00213 ,0.300, 0.300, 0.998, 0.552, 1.577 
00214 ,0.300, 0.300, 0.998, 0.555, 1.577 
00215 ,0.300, 0.300, 0.998, 0.558, 1.577 
00216 ,0.300, 0.300, 0.998, 0.561, 1.577 
00217 ,0.300, 0.300, 0.998, 0.564, 1.577 
00218 ,0.300, 0.300, 0.998, 0.567, 1.577 
00219 ,0.300, 0.300, 0.998, 0.570, 1.577 
00220 ,0.300, 0.300, 0.998, 0.573, 1.577 
00221 ,0.300, 0.300, 0.998, 0.576, 1.577 
00222 ,0.300, 0.300, 0.998, 0.579, 1.577 
00223 ,0.300, 0.300, 0.998, 0.582, 1.577 
00224 ,0.300, 0.300, 0.998, 0.585, 1.577 
00225 ,0.300, 0.300, 0.998, 0.588, 1.577 
00226 ,0.300, 0.300, 0.998, 0.591, 1.577 
00227 ,0.300, 0.300, 0.998, 0.594, 1.577 
00228 ,0.300, 0.300, 0.998, 0.597, 1.577 
00229 ,0.300, 0.300, 0.998, 0.600, 1.577 
00230 ,0.300, 0.300, 0.998, 0.603, 1.577 
00231 ,0.300, 0.300, 0.998, 0.606, 1.577 
00232 ,0.300, 0.300, 0.998, 0.609, 1.577 
00233 ,0.300, 0.300, 0.998, 0.612, 1.577 
00234 ,0.300, 0.300, 0.998, 0.615, 1.577 
00235 ,0.300, 0.300, 0.998, 0.618, 1.577 
00236 ,0.300, 0.300, 0.998, 0.621, 1.577 
00237 ,0.300, 0.300, 0.998, 0.624, 1.577 
00238 ,0.300, 0.300, 0.998, 0.627, 1.577 
00239 ,0.300, 0.300, 0.998, 0.630, 1.577 
00240 ,0.300, 0.300, 0.998, 0.633, 1.577 
00241 ,0.300, 0.300, 0.997, 0.636, 1.577 
00242 ,0.300, 0.300, 0.997, 0.639, 1.577 
00243 ,0.300, 0.300, 0.997, 0.642, 1.577 
00244 ,0.300, 0.300, 0.997, 0.645, 1.577 
00245 ,0.300, 0.300, 0.997, 0.648, 1.577 
00246 ,0.300, 0.300, 0.997, 0.651, 1.577 
00247 ,0.300, 0.300, 0.997, 0.654, 1.577 
00248 ,0.300, 0.300, 0.997, 0.657, 1.577 
00249 ,0.300, 0.300, 0.997, 0.660, 1.577 
00250 ,0.300, 0.300, 0.997, 0.663, 1.577 
00251 ,0.300, 0.300, 0.997, 0.666, 1.577 
00252 ,0.300, 0.300, 0.997, 0.669, 1.577 
00253 ,0.300, 0.300, 0.997, 0.672, 1.577 
00254 ,0.300, 0.300, 0.997, 0.675, 1.577 
00255 ,0.300, 0.300, 0.997, 0.678, 1.577 
00256 ,0.300, 0.300, 0.997, 0.681, 1.577 
00257 ,0.300, 0.300, 0.997, 0.684, 1.577 
00258 ,0.300, 0.300, 0.997, 0.687, 1.577 
00259 ,0.300, 0.300, 0.997, 0.690, 1.577 
00260 ,0.300, 0.300, 0.997, 0.693, 1.577 
00261 ,0.300, 0.300, 0.997, 0.696, 1.577 
00262 ,0.300, 0.300, 0.997, 0.699, 1.577 
00263 ,0.300, 0.300, 0.997, 0.702, 1.577 
00264 ,0.300, 0.300, 0.997, 0.705, 1.577 
00265 ,0.300, 0.300, 0.997, 0.708, 1.577 
00266 ,0.300, 0.300, 0.997, 0.711, 1.577 
00267 ,0.300, 0.300, 0.997, 0.714, 1.577 
00268 ,0.300, 0.300, 0.997, 0.717, 1.577 
00269 ,0.300, 0.300, 0.997, 0.720, 1.577 
00270 ,0.300, 0.300, 0.997, 0.723, 1.577 
00271 ,0.300, 0.300, 0.997, 0.726, 1.577 
00272 ,0.300, 0.300, 0.997, 0.729, 1.577 
00273 ,0.300, 0.300, 0.997, 0.732, 1.577 
00274 ,0.300, 0.300, 0.997, 0.735, 1.577 
00275 ,0.300, 0.300, 0.997, 0.738, 1.577 
00276 ,0.300, 0.300, 0.997, 0.741, 1.577 
00277 ,0.300, 0.300, 0.997, 0.744, 1.577 
00278 ,0.300, 0.300, 0.997, 0.747, 1.577 
00279 ,0.300, 0.300, 0.997, 0.750, 1.577 
00280 ,0.300, 0.300, 0.997, 0.753, 1.577 
00281 ,0.300, 0.300, 0.997, 0.756, 1.577 
00282 ,0.300, 0.300, 0.997, 0.759, 1.577 
00283 ,0.300, 0.300, 0.997, 0.762, 1.577 
00284 ,0.300, 0.300, 0.997, 0.765, 1.577 
00285 ,0.300, 0.300, 0.997, 0.768, 1.577 
00286 ,0.300, 0.300, 0.997, 0.771, 1.577 
00287 ,0.300, 0.300, 0.997, 0.774, 1.577 
00288 ,0.300, 0.300, 0.997, 0.777, 1.577 
00289 ,0.300, 0.300, 0.997, 0.780, 1.577 
00290 ,0.300, 0.300, 0.997, 0.783, 1.577 
00291 ,0.300, 0.300, 0.997, 0.786, 1.577 
00292 ,0.300, 0.300, 0.997, 0.789, 1.577 
00293 ,0.300, 0.300, 0.997, 0.792, 1.577 
00294 ,0.300, 0.300, 0.997, 0.795, 1.577 
00295 ,0.300, 0.300, 0.996, 0.798, 1.577 
00296 ,0.300, 0.300, 0.996, 0.801, 1.577 
00297 ,0.300, 0.300, 0.996, 0.804, 1.577 
00298 ,0.300, 0.300, 0.996, 0.807, 1.577 
00299 ,0.300, 0.300, 0.996, 0.810, 1.577 
00300 ,0.300, 0.300, 0.996, 0.813, 1.577 
00301 ,0.300, 0.300, 0.996, 0.816, 1.577 
00302 ,0.300, 0.300, 0.996, 0.819, 1.577 
00303 ,0.300, 0.300, 0.996, 0.822, 1.577 
00304 ,0.300, 0.300, 0.996, 0.825, 1.577 
00305 ,0.300, 0.300, 0.996, 0.828, 1.577 
00306 ,0.300, 0.300, 0.996, 0.831, 1.577 
00307 ,0.300, 0.300, 0.996, 0.834, 1.577 
00308 ,0.300, 0.300, 0.996, 0.837, 1.577 
00309 ,0.300, 0.300, 0.996, 0.840, 1.577 
00310 ,0.300, 0.300, 0.996, 0.843, 1.577 
00311 ,0.300, 0.300, 0.996, 0.846, 1.577 
00312 ,0.300, 0.300, 0.996, 0.849, 1.577 
00313 ,0.300, 0.300, 0.996, 0.852, 1.577 
00314 ,0.300, 0.300, 0.996, 0.855, 1.577 
00315 ,0.300, 0.300, 0.996, 0.858, 1.577 
00316 ,0.300, 0.300, 0.996, 0.861, 1.577 
00317 ,0.300, 0.300, 0.996, 0.864, 1.577 
00318 ,0.300, 0.300, 0.996, 0.867, 1.577 
00319 ,0.300, 0.300, 0.996, 0.870, 1.577 
00320 ,0.300, 0.300, 0.996, 0.873, 1.577 
00321 ,0.300, 0.300, 0.996, 0.876, 1.577 
00322 ,0.300, 0.300, 0.996, 0.879, 1.577 
00323 ,0.300, 0.300, 0.996, 0.882, 1.577 
00324 ,0.300, 0.300, 0.996, 0.885, 1.577 
00325 ,0.300, 0.300, 0.996, 0.888, 1.577 
00326 ,0.300, 0.300, 0.996, 0.891, 1.577 
00327 ,0.300, 0.300, 0.996, 0.894, 1.577 
00328 ,0.300, 0.300, 0.996, 0.897, 1.577 
00329 ,0.300, 0.300, 0.996, 0.900, 1.577 
00330 ,0.300, 0.300, 0.996, 0.903, 1.577 
00331 ,0.300, 0.300, 0.996, 0.906, 1.577 
00332 ,0.300, 0.300, 0.996, 0.912, 1.577 
00333 ,0.295, 0.295, 0.996, 0.915, 1.577 
00334 ,0.290, 0.290, 0.996, 0.918, 1.577 
00335 ,0.285, 0.285, 0.996, 0.921, 1.577 
00336 ,0.280, 0.280, 0.996, 0.923, 1.577 
00337 ,0.275, 0.275, 0.996, 0.926, 1.577 
00338 ,0.270, 0.270, 0.996, 0.929, 1.577 
00339 ,0.265, 0.265, 0.996, 0.932, 1.577 
00340 ,0.260, 0.260, 0.996, 0.934, 1.577 
00341 ,0.255, 0.255, 0.996, 0.937, 1.577 
00342 ,0.250, 0.250, 0.996, 0.939, 1.577 
00343 ,0.245, 0.245, 0.996, 0.942, 1.577 
00344 ,0.240, 0.240, 0.996, 0.944, 1.577 
00345 ,0.235, 0.235, 0.996, 0.947, 1.577 
00346 ,0.230, 0.230, 0.996, 0.949, 1.577 
00347 ,0.225, 0.225, 0.996, 0.951, 1.577 
00348 ,0.220, 0.220, 0.996, 0.953, 1.577 
00349 ,0.215, 0.215, 0.996, 0.956, 1.577 
00350 ,0.210, 0.210, 0.995, 0.958, 1.577 
00351 ,0.205, 0.205, 0.995, 0.960, 1.577 
00352 ,0.200, 0.200, 0.995, 0.962, 1.577 
00353 ,0.195, 0.195, 0.995, 0.964, 1.577 
00354 ,0.190, 0.190, 0.995, 0.966, 1.577 
00355 ,0.185, 0.185, 0.995, 0.968, 1.577 
00356 ,0.180, 0.180, 0.995, 0.969, 1.577 
00357 ,0.175, 0.175, 0.995, 0.971, 1.577 
00358 ,0.170, 0.170, 0.995, 0.973, 1.577 
00359 ,0.165, 0.165, 0.995, 0.975, 1.577 
00360 ,0.160, 0.160, 0.995, 0.976, 1.577 
00361 ,0.155, 0.155, 0.995, 0.978, 1.577 
00362 ,0.150, 0.150, 0.995, 0.979, 1.577 
00363 ,0.145, 0.145, 0.995, 0.981, 1.577 
00364 ,0.140, 0.140, 0.995, 0.982, 1.577 
00365 ,0.135, 0.135, 0.995, 0.984, 1.577 
00366 ,0.130, 0.130, 0.995, 0.985, 1.577 
00367 ,0.125, 0.125, 0.995, 0.986, 1.577 
00368 ,0.120, 0.120, 0.995, 0.987, 1.577 
00369 ,0.115, 0.115, 0.995, 0.989, 1.577 
00370 ,0.110, 0.110, 0.995, 0.990, 1.577 
00371 ,0.105, 0.105, 0.995, 0.992, 1.577 
00372 ,0.100, 0.100, 0.995, 0.993, 1.577 
00373 ,0.095, 0.095, 0.995, 0.994, 1.577 
00374 ,0.090, 0.090, 0.995, 0.995, 1.577 
00375 ,0.085, 0.085, 0.995, 0.996, 1.577 
00376 ,0.080, 0.080, 0.995, 0.996, 1.577 
00377 ,0.075, 0.075, 0.995, 0.997, 1.577 
00378 ,0.070, 0.070, 0.995, 0.998, 1.577 
00379 ,0.065, 0.065, 0.995, 0.999, 1.577 
00380 ,0.060, 0.060, 0.995, 0.999, 1.577 
00381 ,0.055, 0.055, 0.995, 1.000, 1.577 
00382 ,0.050, 0.050, 0.995, 1.000, 1.577 
00383 ,0.000, 0.000, 0.995, 1.001, 1.577 
00000 ,0.000, 0.000, 0.995, 1.001, 1.577 
00001 ,-0.005, 0.005, 0.995, 1.001, 1.577 
00002 ,-0.010, 0.010, 0.995, 1.001, 1.577 
00003 ,-0.015, 0.015, 0.995, 1.001, 1.577 
00004 ,-0.020, 0.020, 0.995, 1.001, 1.577 
00005 ,-0.025, 0.025, 0.995, 1.001, 1.578 
00006 ,-0.030, 0.030, 0.995, 1.001, 1.580 
00007 ,-0.035, 0.035, 0.995, 1.001, 1.581 
00008 ,-0.040, 0.040, 0.995, 1.001, 1.584 
00009 ,-0.045, 0.045, 0.995, 1.001, 1.586 
00010 ,-0.050, 0.050, 0.995, 1.001, 1.589 
00011 ,-0.055, 0.055, 0.995, 1.001, 1.592 
00012 ,-0.060, 0.060, 0.995, 1.001, 1.596 
00013 ,-0.065, 0.065, 0.995, 1.001, 1.600 
00014 ,-0.070, 0.070, 0.995, 1.001, 1.603 
00015 ,-0.075, 0.075, 0.995, 1.001, 1.608 
00016 ,-0.080, 0.080, 0.995, 1.001, 1.613 
00017 ,-0.085, 0.085, 0.995, 1.001, 1.618 
00018 ,-0.090, 0.090, 0.995, 1.001, 1.624 
00019 ,-0.095, 0.095, 0.995, 1.001, 1.630 
00020 ,-0.100, 0.100, 0.995, 1.001, 1.637 
00021 ,-0.105, 0.105, 0.995, 1.001, 1.644 
00022 ,-0.110, 0.110, 0.995, 1.001, 1.652 
00023 ,-0.115, 0.115, 0.995, 1.001, 1.660 
00024 ,-0.120, 0.120, 0.995, 1.001, 1.668 
00025 ,-0.125, 0.125, 0.995, 1.001, 1.677 
00026 ,-0.130, 0.130, 0.995, 1.001, 1.686 
00027 ,-0.135, 0.135, 0.995, 1.001, 1.695 
00028 ,-0.140, 0.140, 0.995, 1.001, 1.705 
00029 ,-0.145, 0.145, 0.995, 1.001, 1.715 
00030 ,-0.150, 0.150, 0.995, 1.001, 1.726 
00031 ,-0.150, 0.150, 0.995, 1.001, 1.736 
00032 ,-0.150, 0.150, 0.995, 1.001, 1.748 
00033 ,-0.150, 0.150, 0.995, 1.001, 1.760 
00034 ,-0.150, 0.150, 0.995, 1.001, 1.771 
00035 ,-0.150, 0.150, 0.995, 1.001, 1.783 
00036 ,-0.150, 0.150, 0.995, 1.001, 1.806 
00037 ,-0.150, 0.150, 0.995, 1.001, 1.817 
00038 ,-0.150, 0.150, 0.995, 1.001, 1.829 
00039 ,-0.150, 0.150, 0.995, 1.001, 1.841 
00040 ,-0.150, 0.150, 0.995, 1.001, 1.852 
00041 ,-0.150, 0.150, 0.995, 1.001, 1.863 
00042 ,-0.150, 0.150, 0.995, 1.001, 1.875 
00043 ,-0.150, 0.150, 0.995, 1.001, 1.887 
00044 ,-0.150, 0.150, 0.995, 1.001, 1.910 
00045 ,-0.150, 0.150, 0.995, 1.001, 1.921 
00046 ,-0.150, 0.150, 0.995, 1.001, 1.933 
00047 ,-0.150, 0.150, 0.995, 1.001, 1.944 
00048 ,-0.150, 0.150, 0.995, 1.001, 1.956 
00049 ,-0.150, 0.150, 0.995, 1.001, 1.967 
00050 ,-0.150, 0.150, 0.995, 1.001, 1.979 
00051 ,-0.150, 0.150, 0.995, 1.001, 1.990 
00052 ,-0.150, 0.150, 0.995, 1.001, 2.002 
00053 ,-0.150, 0.150, 0.995, 1.001, 2.013 
00054 ,-0.150, 0.150, 0.995, 1.001, 2.037 
00055 ,-0.150, 0.150, 0.995, 1.001, 2.048 
00056 ,-0.150, 0.150, 0.995, 1.001, 2.060 
00057 ,-0.150, 0.150, 0.995, 1.001, 2.071 
00058 ,-0.150, 0.150, 0.995, 1.001, 2.083 
00059 ,-0.150, 0.150, 0.995, 1.001, 2.094 
00060 ,-0.150, 0.150, 0.995, 1.001, 2.106 
00061 ,-0.150, 0.150, 0.995, 1.001, 2.117 
00062 ,-0.150, 0.150, 0.995, 1.001, 2.129 
00063 ,-0.150, 0.150, 0.995, 1.001, 2.140 
00064 ,-0.150, 0.150, 0.995, 1.001, 2.152 
00065 ,-0.150, 0.150, 0.995, 1.001, 2.164 
00066 ,-0.150, 0.150, 0.995, 1.001, 2.175 
00067 ,-0.150, 0.150, 0.995, 1.001, 2.186 
00068 ,-0.150, 0.150, 0.995, 1.001, 2.198 
00069 ,-0.150, 0.150, 0.995, 1.001, 2.210 
00070 ,-0.150, 0.150, 0.995, 1.001, 2.221 
00071 ,-0.150, 0.150, 0.995, 1.001, 2.233 
00072 ,-0.150, 0.150, 0.995, 1.001, 2.244 
00073 ,-0.150, 0.150, 0.995, 1.001, 2.256 
00074 ,-0.150, 0.150, 0.995, 1.001, 2.279 
00075 ,-0.150, 0.150, 0.995, 1.001, 2.290 
00076 ,-0.150, 0.150, 0.995, 1.001, 2.302 
00077 ,-0.150, 0.150, 0.995, 1.001, 2.313 
00078 ,-0.150, 0.150, 0.995, 1.001, 2.325 
00079 ,-0.150, 0.150, 0.995, 1.001, 2.337 
00080 ,-0.150, 0.150, 0.995, 1.001, 2.348 
00081 ,-0.150, 0.150, 0.995, 1.001, 2.360 
00082 ,-0.150, 0.150, 0.995, 1.001, 2.371 
00083 ,-0.150, 0.150, 0.995, 1.001, 2.394 
00084 ,-0.150, 0.150, 0.995, 1.001, 2.406 
00085 ,-0.150, 0.150, 0.995, 1.001, 2.417 
00086 ,-0.150, 0.150, 0.995, 1.001, 2.429 
00087 ,-0.150, 0.150, 0.995, 1.001, 2.440 
00088 ,-0.150, 0.150, 0.995, 1.001, 2.452 
00089 ,-0.150, 0.150, 0.995, 1.001, 2.463 
00090 ,-0.150, 0.150, 0.995, 1.001, 2.475 
00091 ,-0.150, 0.150, 0.995, 1.001, 2.487 
00092 ,-0.150, 0.150, 0.995, 1.001, 2.498 
00093 ,-0.150, 0.150, 0.995, 1.001, 2.510 
00094 ,-0.150, 0.150, 0.995, 1.001, 2.521 
00095 ,-0.150, 0.150, 0.995, 1.001, 2.533 
00096 ,-0.150, 0.150, 0.995, 1.001, 2.544 
00097 ,-0.150, 0.150, 0.995, 1.001, 2.556 
00098 ,-0.150, 0.150, 0.995, 1.001, 2.567 
00099 ,-0.150, 0.150, 0.995, 1.001, 2.579 
00100 ,-0.150, 0.150, 0.995, 1.001, 2.590 
00101 ,-0.150, 0.150, 0.995, 1.001, 2.614 
00102 ,-0.150, 0.150, 0.995, 1.001, 2.625 
00103 ,-0.150, 0.150, 0.995, 1.001, 2.636 
00104 ,-0.150, 0.150, 0.995, 1.001, 2.648 
00105 ,-0.150, 0.150, 0.995, 1.001, 2.660 
00106 ,-0.150, 0.150, 0.995, 1.001, 2.671 
00107 ,-0.150, 0.150, 0.995, 1.001, 2.683 
00108 ,-0.150, 0.150, 0.995, 1.001, 2.694 
00109 ,-0.150, 0.150, 0.995, 1.001, 2.706 
00110 ,-0.150, 0.150, 0.995, 1.001, 2.717 
00111 ,-0.150, 0.150, 0.995, 1.001, 2.729 
00112 ,-0.150, 0.150, 0.995, 1.001, 2.740 
00113 ,-0.150, 0.150, 0.995, 1.001, 2.752 
00114 ,-0.150, 0.150, 0.995, 1.001, 2.763 
00115 ,-0.150, 0.150, 0.995, 1.001, 2.775 
00116 ,-0.150, 0.150, 0.995, 1.001, 2.787 
00117 ,-0.150, 0.150, 0.995, 1.001, 2.798 
00118 ,-0.150, 0.150, 0.995, 1.001, 2.810 
00119 ,-0.150, 0.150, 0.995, 1.001, 2.821 
00120 ,-0.150, 0.150, 0.995, 1.001, 2.833 
00121 ,-0.150, 0.150, 0.995, 1.001, 2.844 
00122 ,-0.150, 0.150, 0.995, 1.001, 2.856 
00123 ,-0.150, 0.150, 0.995, 1.001, 2.867 
00124 ,-0.150, 0.150, 0.995, 1.001, 2.879 
00125 ,-0.150, 0.150, 0.995, 1.001, 2.890 
00126 ,-0.150, 0.150, 0.995, 1.001, 2.902 
00127 ,-0.150, 0.150, 0.995, 1.001, 2.913 
00128 ,-0.150, 0.150, 0.995, 1.001, 2.925 
00129 ,-0.150, 0.150, 0.995, 1.001, 2.937 
00130 ,-0.150, 0.150, 0.995, 1.001, 2.960 
00131 ,-0.150, 0.150, 0.995, 1.001, 2.971 
00132 ,-0.150, 0.150, 0.995, 1.001, 2.983 
00133 ,-0.145, 0.145, 0.995, 1.001, 2.994 
00134 ,-0.140, 0.140, 0.995, 1.001, 3.006 
00135 ,-0.135, 0.135, 0.995, 1.001, 3.017 
00136 ,-0.130, 0.130, 0.995, 1.001, 3.027 
00137 ,-0.125, 0.125, 0.995, 1.001, 3.036 
00138 ,-0.120, 0.120, 0.995, 1.001, 3.046 
00139 ,-0.115, 0.115, 0.995, 1.001, 3.055 
00140 ,-0.110, 0.110, 0.995, 1.001, 3.064 
00141 ,-0.105, 0.105, 0.995, 1.001, 3.072 
00142 ,-0.100, 0.100, 0.995, 1.001, 3.080 
00143 ,-0.095, 0.095, 0.995, 1.001, 3.087 
00144 ,-0.090, 0.090, 0.995, 1.001, 3.094 
00145 ,-0.085, 0.085, 0.995, 1.001, 3.101 
00146 ,-0.080, 0.080, 0.995, 1.001, 3.107 
00147 ,-0.075, 0.075, 0.995, 1.001, 3.113 
00148 ,-0.070, 0.070, 0.995, 1.001, 3.119 
00149 ,-0.065, 0.065, 0.995, 1.001, 3.124 
00150 ,-0.060, 0.060, 0.995, 1.001, 3.129 
00151 ,-0.055, 0.055, 0.995, 1.001, 3.133 
00152 ,-0.050, 0.050, 0.995, 1.001, 3.137 
00153 ,-0.045, 0.045, 0.995, 1.001, 3.141 
00154 ,-0.040, 0.040, 0.995, 1.001, 3.144 
00155 ,-0.035, 0.035, 0.995, 1.001, 3.147 
00156 ,-0.030, 0.030, 0.995, 1.001, 3.149 
00157 ,0.000, 0.000, 0.995, 1.001, 3.152 
00000 ,0.000, 0.000, 0.995, 1.001, 3.153 
00001 ,0.005, 0.005, 0.995, 1.001, 3.153 
00002 ,0.010, 0.010, 0.995, 1.001, 3.153 
00003 ,0.015, 0.015, 0.995, 1.001, 3.153 
00004 ,0.020, 0.020, 0.995, 1.001, 3.154 
00005 ,0.025, 0.025, 0.995, 1.001, 3.154 
00006 ,0.030, 0.030, 0.995, 1.001, 3.154 
00007 ,0.035, 0.035, 0.995, 1.001, 3.154 
00008 ,0.040, 0.040, 0.994, 1.001, 3.154 
00009 ,0.045, 0.045, 0.994, 1.001, 3.154 
00010 ,0.050, 0.050, 0.994, 1.001, 3.154 
00011 ,0.055, 0.055, 0.993, 1.001, 3.154 
00012 ,0.060, 0.060, 0.993, 1.001, 3.154 
00013 ,0.065, 0.065, 0.992, 1.001, 3.154 
00014 ,0.070, 0.070, 0.992, 1.001, 3.154 
00015 ,0.075, 0.075, 0.991, 1.001, 3.154 
00016 ,0.080, 0.080, 0.991, 1.001, 3.154 
00017 ,0.085, 0.085, 0.990, 1.001, 3.154 
00018 ,0.090, 0.090, 0.989, 1.001, 3.154 
00019 ,0.095, 0.095, 0.988, 1.001, 3.154 
00020 ,0.100, 0.100, 0.987, 1.001, 3.154 
00021 ,0.105, 0.105, 0.986, 1.001, 3.154 
00022 ,0.110, 0.110, 0.986, 1.001, 3.154 
00023 ,0.115, 0.115, 0.985, 1.001, 3.154 
00024 ,0.120, 0.120, 0.983, 1.001, 3.154 
00025 ,0.125, 0.125, 0.982, 1.001, 3.154 
00026 ,0.130, 0.130, 0.981, 1.001, 3.154 
00027 ,0.135, 0.135, 0.980, 1.001, 3.154 
00028 ,0.140, 0.140, 0.979, 1.001, 3.154 
00029 ,0.145, 0.145, 0.977, 1.001, 3.154 
00030 ,0.150, 0.150, 0.976, 1.001, 3.154 
00031 ,0.155, 0.155, 0.974, 1.001, 3.154 
00032 ,0.160, 0.160, 0.973, 1.001, 3.154 
00033 ,0.165, 0.165, 0.971, 1.001, 3.154 
00034 ,0.170, 0.170, 0.970, 1.001, 3.154 
00035 ,0.175, 0.175, 0.968, 1.001, 3.154 
00036 ,0.180, 0.180, 0.967, 1.001, 3.154 
00037 ,0.185, 0.185, 0.965, 1.001, 3.154 
00038 ,0.190, 0.190, 0.963, 1.001, 3.154 
00039 ,0.195, 0.195, 0.961, 1.001, 3.154 
00040 ,0.200, 0.200, 0.959, 1.001, 3.154 
00041 ,0.205, 0.205, 0.957, 1.001, 3.154 
00042 ,0.210, 0.210, 0.956, 1.001, 3.154 
00043 ,0.215, 0.215, 0.953, 1.001, 3.154 
00044 ,0.220, 0.220, 0.951, 1.001, 3.154 
00045 ,0.225, 0.225, 0.949, 1.001, 3.154 
00046 ,0.230, 0.230, 0.947, 1.001, 3.154 
00047 ,0.235, 0.235, 0.945, 1.001, 3.154 
00048 ,0.240, 0.240, 0.943, 1.001, 3.154 
00049 ,0.245, 0.245, 0.940, 1.001, 3.154 
00050 ,0.250, 0.250, 0.938, 1.001, 3.154 
00051 ,0.255, 0.255, 0.935, 1.001, 3.154 
00052 ,0.260, 0.260, 0.933, 1.001, 3.154 
00053 ,0.265, 0.265, 0.931, 1.001, 3.154 
00054 ,0.270, 0.270, 0.928, 1.001, 3.154 
00055 ,0.275, 0.275, 0.925, 1.000, 3.154 
00056 ,0.280, 0.280, 0.923, 1.000, 3.154 
00057 ,0.285, 0.285, 0.920, 1.000, 3.154 
00058 ,0.290, 0.290, 0.917, 1.000, 3.154 
00059 ,0.295, 0.295, 0.914, 1.000, 3.154 
00060 ,0.300, 0.300, 0.911, 1.000, 3.154 
00061 ,0.300, 0.300, 0.908, 1.000, 3.154 
00062 ,0.300, 0.300, 0.906, 1.000, 3.154 
00063 ,0.300, 0.300, 0.902, 1.000, 3.154 
00064 ,0.300, 0.300, 0.899, 1.000, 3.154 
00065 ,0.300, 0.300, 0.897, 1.000, 3.154 
00066 ,0.300, 0.300, 0.894, 1.000, 3.154 
00067 ,0.300, 0.300, 0.890, 1.000, 3.154 
00068 ,0.300, 0.300, 0.887, 1.000, 3.154 
00069 ,0.300, 0.300, 0.885, 1.000, 3.154 
00070 ,0.300, 0.300, 0.881, 1.000, 3.154 
00071 ,0.300, 0.300, 0.878, 1.000, 3.154 
00072 ,0.300, 0.300, 0.876, 1.000, 3.154 
00073 ,0.300, 0.300, 0.873, 1.000, 3.154 
00074 ,0.300, 0.300, 0.869, 1.000, 3.154 
00075 ,0.300, 0.300, 0.866, 1.000, 3.154 
00076 ,0.300, 0.300, 0.864, 1.000, 3.154 
00077 ,0.300, 0.300, 0.860, 1.000, 3.154 
00078 ,0.300, 0.300, 0.857, 1.000, 3.154 
00079 ,0.300, 0.300, 0.855, 1.000, 3.154 
00080 ,0.300, 0.300, 0.852, 1.000, 3.154 
00081 ,0.300, 0.300, 0.848, 1.000, 3.154 
00082 ,0.300, 0.300, 0.845, 0.999, 3.154 
00083 ,0.300, 0.300, 0.843, 0.999, 3.154 
00084 ,0.300, 0.300, 0.840, 0.999, 3.154 
00085 ,0.300, 0.300, 0.836, 0.999, 3.154 
00086 ,0.300, 0.300, 0.834, 0.999, 3.154 
00087 ,0.300, 0.300, 0.831, 0.999, 3.154 
00088 ,0.300, 0.300, 0.827, 0.999, 3.154 
00089 ,0.300, 0.300, 0.824, 0.999, 3.154 
00090 ,0.300, 0.300, 0.822, 0.999, 3.154 
00091 ,0.300, 0.300, 0.819, 0.999, 3.154 
00092 ,0.300, 0.300, 0.815, 0.999, 3.154 
00093 ,0.300, 0.300, 0.813, 0.999, 3.154 
00094 ,0.300, 0.300, 0.810, 0.999, 3.154 
00095 ,0.300, 0.300, 0.806, 0.999, 3.154 
00096 ,0.300, 0.300, 0.803, 0.999, 3.154 
00097 ,0.300, 0.300, 0.801, 0.999, 3.154 
00098 ,0.300, 0.300, 0.798, 0.999, 3.154 
00099 ,0.300, 0.300, 0.794, 0.999, 3.154 
00100 ,0.300, 0.300, 0.792, 0.999, 3.154 
00101 ,0.300, 0.300, 0.789, 0.999, 3.154 
00102 ,0.300, 0.300, 0.785, 0.999, 3.154 
00103 ,0.300, 0.300, 0.782, 0.999, 3.154 
00104 ,0.300, 0.300, 0.780, 0.999, 3.154 
00105 ,0.300, 0.300, 0.777, 0.999, 3.154 
00106 ,0.300, 0.300, 0.773, 0.999, 3.154 
00107 ,0.300, 0.300, 0.771, 0.999, 3.154 
00108 ,0.300, 0.300, 0.768, 0.999, 3.154 
00109 ,0.300, 0.300, 0.764, 0.999, 3.154 
00110 ,0.300, 0.300, 0.761, 0.998, 3.154 
00111 ,0.300, 0.300, 0.759, 0.998, 3.154 
00112 ,0.300, 0.300, 0.756, 0.998, 3.154 
00113 ,0.300, 0.300, 0.752, 0.998, 3.154 
00114 ,0.300, 0.300, 0.750, 0.998, 3.154 
00115 ,0.300, 0.300, 0.747, 0.998, 3.154 
00116 ,0.300, 0.300, 0.743, 0.998, 3.154 
00117 ,0.300, 0.300, 0.740, 0.998, 3.154 
00118 ,0.300, 0.300, 0.738, 0.998, 3.154 
00119 ,0.300, 0.300, 0.735, 0.998, 3.154 
00120 ,0.300, 0.300, 0.731, 0.998, 3.154 
00121 ,0.300, 0.300, 0.729, 0.998, 3.154 
00122 ,0.300, 0.300, 0.726, 0.998, 3.154 
00123 ,0.300, 0.300, 0.722, 0.998, 3.154 
00124 ,0.300, 0.300, 0.719, 0.998, 3.154 
00125 ,0.300, 0.300, 0.717, 0.998, 3.154 
00126 ,0.300, 0.300, 0.714, 0.998, 3.154 
00127 ,0.300, 0.300, 0.710, 0.998, 3.154 
00128 ,0.300, 0.300, 0.708, 0.998, 3.154 
00129 ,0.300, 0.300, 0.705, 0.998, 3.154 
00130 ,0.300, 0.300, 0.702, 0.998, 3.154 
00131 ,0.300, 0.300, 0.698, 0.998, 3.154 
00132 ,0.300, 0.300, 0.696, 0.998, 3.154 
00133 ,0.300, 0.300, 0.693, 0.998, 3.154 
00134 ,0.300, 0.300, 0.689, 0.998, 3.154 
00135 ,0.300, 0.300, 0.687, 0.998, 3.154 
00136 ,0.300, 0.300, 0.684, 0.998, 3.154 
00137 ,0.300, 0.300, 0.681, 0.997, 3.154 
00138 ,0.300, 0.300, 0.677, 0.997, 3.154 
00139 ,0.300, 0.300, 0.675, 0.997, 3.154 
00140 ,0.300, 0.300, 0.672, 0.997, 3.154 
00141 ,0.300, 0.300, 0.668, 0.997, 3.154 
00142 ,0.300, 0.300, 0.666, 0.997, 3.154 
00143 ,0.300, 0.300, 0.663, 0.997, 3.154 
00144 ,0.300, 0.300, 0.660, 0.997, 3.154 
00145 ,0.300, 0.300, 0.656, 0.997, 3.154 
00146 ,0.300, 0.300, 0.654, 0.997, 3.154 
00147 ,0.300, 0.300, 0.651, 0.997, 3.154 
00148 ,0.300, 0.300, 0.647, 0.997, 3.154 
00149 ,0.300, 0.300, 0.645, 0.997, 3.154 
00150 ,0.300, 0.300, 0.642, 0.997, 3.154 
00151 ,0.300, 0.300, 0.639, 0.997, 3.154 
00152 ,0.300, 0.300, 0.635, 0.997, 3.154 
00153 ,0.300, 0.300, 0.633, 0.997, 3.154 
00154 ,0.300, 0.300, 0.630, 0.997, 3.154 
00155 ,0.300, 0.300, 0.626, 0.997, 3.154 
00156 ,0.300, 0.300, 0.624, 0.997, 3.154 
00157 ,0.300, 0.300, 0.621, 0.997, 3.154 
00158 ,0.300, 0.300, 0.618, 0.997, 3.154 
00159 ,0.300, 0.300, 0.614, 0.997, 3.154 
00160 ,0.300, 0.300, 0.612, 0.997, 3.154 
00161 ,0.300, 0.300, 0.609, 0.997, 3.154 
00162 ,0.300, 0.300, 0.605, 0.997, 3.154 
00163 ,0.300, 0.300, 0.603, 0.997, 3.154 
00164 ,0.300, 0.300, 0.600, 0.996, 3.154 
00165 ,0.300, 0.300, 0.597, 0.996, 3.154 
00166 ,0.300, 0.300, 0.593, 0.996, 3.154 
00167 ,0.300, 0.300, 0.591, 0.996, 3.154 
00168 ,0.300, 0.300, 0.588, 0.996, 3.154 
00169 ,0.300, 0.300, 0.584, 0.996, 3.154 
00170 ,0.300, 0.300, 0.582, 0.996, 3.154 
00171 ,0.300, 0.300, 0.579, 0.996, 3.154 
00172 ,0.300, 0.300, 0.576, 0.996, 3.154 
00173 ,0.300, 0.300, 0.572, 0.996, 3.154 
00174 ,0.300, 0.300, 0.570, 0.996, 3.154 
00175 ,0.300, 0.300, 0.567, 0.996, 3.154 
00176 ,0.300, 0.300, 0.564, 0.996, 3.154 
00177 ,0.300, 0.300, 0.561, 0.996, 3.154 
00178 ,0.300, 0.300, 0.558, 0.996, 3.154 
00179 ,0.300, 0.300, 0.555, 0.996, 3.154 
00180 ,0.300, 0.300, 0.551, 0.996, 3.154 
00181 ,0.300, 0.300, 0.549, 0.996, 3.154 
00182 ,0.300, 0.300, 0.546, 0.996, 3.154 
00183 ,0.300, 0.300, 0.543, 0.996, 3.154 
00184 ,0.300, 0.300, 0.540, 0.996, 3.154 
00185 ,0.300, 0.300, 0.537, 0.996, 3.154 
00186 ,0.300, 0.300, 0.534, 0.996, 3.154 
00187 ,0.300, 0.300, 0.530, 0.996, 3.154 
00188 ,0.300, 0.300, 0.528, 0.996, 3.154 
00189 ,0.300, 0.300, 0.525, 0.996, 3.154 
00190 ,0.300, 0.300, 0.522, 0.996, 3.154 
00191 ,0.300, 0.300, 0.519, 0.995, 3.154 
00192 ,0.300, 0.300, 0.516, 0.995, 3.154 
00193 ,0.300, 0.300, 0.513, 0.995, 3.154 
00194 ,0.300, 0.300, 0.509, 0.995, 3.154 
00195 ,0.300, 0.300, 0.507, 0.995, 3.154 
00196 ,0.300, 0.300, 0.504, 0.995, 3.154 
00197 ,0.300, 0.300, 0.501, 0.995, 3.154 
00198 ,0.300, 0.300, 0.498, 0.995, 3.154 
00199 ,0.300, 0.300, 0.495, 0.995, 3.154 
00200 ,0.300, 0.300, 0.492, 0.995, 3.154 
00201 ,0.300, 0.300, 0.488, 0.995, 3.154 
00202 ,0.300, 0.300, 0.486, 0.995, 3.154 
00203 ,0.300, 0.300, 0.483, 0.995, 3.154 
00204 ,0.300, 0.300, 0.480, 0.995, 3.154 
00205 ,0.300, 0.300, 0.477, 0.995, 3.154 
00206 ,0.300, 0.300, 0.474, 0.995, 3.154 
00207 ,0.300, 0.300, 0.471, 0.995, 3.154 
00208 ,0.300, 0.300, 0.467, 0.995, 3.154 
00209 ,0.300, 0.300, 0.465, 0.995, 3.154 
00210 ,0.300, 0.300, 0.462, 0.995, 3.154 
00211 ,0.300, 0.300, 0.459, 0.995, 3.154 
00212 ,0.300, 0.300, 0.456, 0.995, 3.154 
00213 ,0.300, 0.300, 0.453, 0.995, 3.154 
00214 ,0.300, 0.300, 0.450, 0.995, 3.154 
00215 ,0.300, 0.300, 0.446, 0.995, 3.154 
00216 ,0.300, 0.300, 0.444, 0.995, 3.154 
00217 ,0.300, 0.300, 0.441, 0.995, 3.154 
00218 ,0.300, 0.300, 0.438, 0.995, 3.154 
00219 ,0.300, 0.300, 0.435, 0.994, 3.154 
00220 ,0.300, 0.300, 0.432, 0.994, 3.154 
00221 ,0.300, 0.300, 0.429, 0.994, 3.154 
00222 ,0.300, 0.300, 0.426, 0.994, 3.154 
00223 ,0.300, 0.300, 0.423, 0.994, 3.154 
00224 ,0.300, 0.300, 0.420, 0.994, 3.154 
00225 ,0.300, 0.300, 0.417, 0.994, 3.154 
00226 ,0.300, 0.300, 0.414, 0.994, 3.154 
00227 ,0.300, 0.300, 0.411, 0.994, 3.154 
00228 ,0.300, 0.300, 0.408, 0.994, 3.154 
00229 ,0.300, 0.300, 0.405, 0.994, 3.154 
00230 ,0.300, 0.300, 0.402, 0.994, 3.154 
00231 ,0.300, 0.300, 0.399, 0.994, 3.154 
00232 ,0.300, 0.300, 0.396, 0.994, 3.154 
00233 ,0.300, 0.300, 0.393, 0.994, 3.154 
00234 ,0.300, 0.300, 0.390, 0.994, 3.154 
00235 ,0.300, 0.300, 0.387, 0.994, 3.154 
00236 ,0.300, 0.300, 0.384, 0.994, 3.154 
00237 ,0.300, 0.300, 0.381, 0.994, 3.154 
00238 ,0.300, 0.300, 0.378, 0.994, 3.154 
00239 ,0.300, 0.300, 0.375, 0.994, 3.154 
00240 ,0.300, 0.300, 0.372, 0.994, 3.154 
00241 ,0.300, 0.300, 0.369, 0.994, 3.154 
00242 ,0.300, 0.300, 0.366, 0.994, 3.154 
00243 ,0.300, 0.300, 0.363, 0.994, 3.154 
00244 ,0.300, 0.300, 0.360, 0.994, 3.154 
00245 ,0.300, 0.300, 0.357, 0.994, 3.154 
00246 ,0.300, 0.300, 0.354, 0.993, 3.154 
00247 ,0.300, 0.300, 0.351, 0.993, 3.154 
00248 ,0.300, 0.300, 0.348, 0.993, 3.154 
00249 ,0.300, 0.300, 0.345, 0.993, 3.154 
00250 ,0.300, 0.300, 0.342, 0.993, 3.154 
00251 ,0.300, 0.300, 0.339, 0.993, 3.154 
00252 ,0.300, 0.300, 0.336, 0.993, 3.154 
00253 ,0.300, 0.300, 0.333, 0.993, 3.154 
00254 ,0.300, 0.300, 0.330, 0.993, 3.154 
00255 ,0.300, 0.300, 0.327, 0.993, 3.154 
00256 ,0.300, 0.300, 0.324, 0.993, 3.154 
00257 ,0.300, 0.300, 0.321, 0.993, 3.154 
00258 ,0.300, 0.300, 0.318, 0.993, 3.154 
00259 ,0.300, 0.300, 0.315, 0.993, 3.154 
00260 ,0.300, 0.300, 0.312, 0.993, 3.154 
00261 ,0.300, 0.300, 0.309, 0.993, 3.154 
00262 ,0.300, 0.300, 0.306, 0.993, 3.154 
00263 ,0.300, 0.300, 0.303, 0.993, 3.154 
00264 ,0.300, 0.300, 0.300, 0.993, 3.154 
00265 ,0.300, 0.300, 0.297, 0.993, 3.154 
00266 ,0.300, 0.300, 0.294, 0.993, 3.154 
00267 ,0.300, 0.300, 0.291, 0.993, 3.154 
00268 ,0.300, 0.300, 0.288, 0.993, 3.154 
00269 ,0.300, 0.300, 0.285, 0.993, 3.154 
00270 ,0.300, 0.300, 0.282, 0.993, 3.154 
00271 ,0.300, 0.300, 0.279, 0.993, 3.154 
00272 ,0.300, 0.300, 0.276, 0.993, 3.154 
00273 ,0.300, 0.300, 0.273, 0.992, 3.154 
00274 ,0.300, 0.300, 0.270, 0.992, 3.154 
00275 ,0.300, 0.300, 0.267, 0.992, 3.154 
00276 ,0.300, 0.300, 0.264, 0.992, 3.154 
00277 ,0.300, 0.300, 0.261, 0.992, 3.154 
00278 ,0.300, 0.300, 0.258, 0.992, 3.154 
00279 ,0.300, 0.300, 0.255, 0.992, 3.154 
00280 ,0.300, 0.300, 0.252, 0.992, 3.154 
00281 ,0.300, 0.300, 0.249, 0.992, 3.154 
00282 ,0.300, 0.300, 0.246, 0.992, 3.154 
00283 ,0.300, 0.300, 0.243, 0.992, 3.154 
00284 ,0.300, 0.300, 0.240, 0.992, 3.154 
00285 ,0.300, 0.300, 0.237, 0.992, 3.154 
00286 ,0.300, 0.300, 0.234, 0.992, 3.154 
00287 ,0.300, 0.300, 0.231, 0.992, 3.154 
00288 ,0.300, 0.300, 0.228, 0.992, 3.154 
00289 ,0.300, 0.300, 0.225, 0.992, 3.154 
00290 ,0.300, 0.300, 0.222, 0.992, 3.154 
00291 ,0.300, 0.300, 0.219, 0.992, 3.154 
00292 ,0.300, 0.300, 0.216, 0.992, 3.154 
00293 ,0.300, 0.300, 0.213, 0.992, 3.154 
00294 ,0.300, 0.300, 0.210, 0.992, 3.154 
00295 ,0.300, 0.300, 0.207, 0.992, 3.154 
00296 ,0.300, 0.300, 0.204, 0.992, 3.154 
00297 ,0.300, 0.300, 0.201, 0.992, 3.154 
00298 ,0.300, 0.300, 0.198, 0.992, 3.154 
00299 ,0.300, 0.300, 0.195, 0.992, 3.154 
00300 ,0.300, 0.300, 0.192, 0.991, 3.154 
00301 ,0.300, 0.300, 0.189, 0.991, 3.154 
00302 ,0.300, 0.300, 0.186, 0.991, 3.154 
00303 ,0.300, 0.300, 0.183, 0.991, 3.154 
00304 ,0.300, 0.300, 0.180, 0.991, 3.154 
00305 ,0.300, 0.300, 0.177, 0.991, 3.154 
00306 ,0.300, 0.300, 0.174, 0.991, 3.154 
00307 ,0.300, 0.300, 0.171, 0.991, 3.154 
00308 ,0.300, 0.300, 0.168, 0.991, 3.154 
00309 ,0.300, 0.300, 0.165, 0.991, 3.154 
00310 ,0.300, 0.300, 0.162, 0.991, 3.154 
00311 ,0.300, 0.300, 0.159, 0.991, 3.154 
00312 ,0.300, 0.300, 0.156, 0.991, 3.154 
00313 ,0.300, 0.300, 0.153, 0.991, 3.154 
00314 ,0.300, 0.300, 0.150, 0.991, 3.154 
00315 ,0.300, 0.300, 0.147, 0.991, 3.154 
00316 ,0.300, 0.300, 0.144, 0.991, 3.154 
00317 ,0.300, 0.300, 0.141, 0.991, 3.154 
00318 ,0.300, 0.300, 0.138, 0.991, 3.154 
00319 ,0.300, 0.300, 0.135, 0.991, 3.154 
00320 ,0.300, 0.300, 0.132, 0.991, 3.154 
00321 ,0.300, 0.300, 0.129, 0.991, 3.154 
00322 ,0.300, 0.300, 0.126, 0.991, 3.154 
00323 ,0.300, 0.300, 0.123, 0.991, 3.154 
00324 ,0.300, 0.300, 0.120, 0.991, 3.154 
00325 ,0.300, 0.300, 0.117, 0.991, 3.154 
00326 ,0.300, 0.300, 0.114, 0.991, 3.154 
00327 ,0.300, 0.300, 0.111, 0.990, 3.154 
00328 ,0.300, 0.300, 0.108, 0.990, 3.154 
00329 ,0.300, 0.300, 0.105, 0.990, 3.154 
00330 ,0.300, 0.300, 0.102, 0.990, 3.154 
00331 ,0.300, 0.300, 0.099, 0.990, 3.154 
00332 ,0.300, 0.300, 0.096, 0.990, 3.154 
00333 ,0.300, 0.300, 0.093, 0.990, 3.154 
00334 ,0.300, 0.300, 0.090, 0.990, 3.154 
00335 ,0.300, 0.300, 0.087, 0.990, 3.154 
00336 ,0.300, 0.300, 0.084, 0.990, 3.154 
00337 ,0.295, 0.295, 0.081, 0.990, 3.154 
00338 ,0.290, 0.290, 0.078, 0.990, 3.154 
00339 ,0.285, 0.285, 0.075, 0.990, 3.154 
00340 ,0.280, 0.280, 0.072, 0.990, 3.154 
00341 ,0.275, 0.275, 0.069, 0.990, 3.154 
00342 ,0.270, 0.270, 0.066, 0.990, 3.154 
00343 ,0.265, 0.265, 0.064, 0.990, 3.154 
00344 ,0.260, 0.260, 0.061, 0.990, 3.154 
00345 ,0.255, 0.255, 0.058, 0.990, 3.154 
00346 ,0.250, 0.250, 0.056, 0.990, 3.154 
00347 ,0.245, 0.245, 0.053, 0.990, 3.154 
00348 ,0.240, 0.240, 0.051, 0.990, 3.154 
00349 ,0.235, 0.235, 0.049, 0.990, 3.154 
00350 ,0.230, 0.230, 0.046, 0.990, 3.154 
00351 ,0.225, 0.225, 0.044, 0.990, 3.154 
00352 ,0.220, 0.220, 0.042, 0.990, 3.154 
00353 ,0.215, 0.215, 0.040, 0.990, 3.154 
00354 ,0.210, 0.210, 0.038, 0.990, 3.154 
00355 ,0.205, 0.205, 0.036, 0.990, 3.154 
00356 ,0.200, 0.200, 0.033, 0.990, 3.154 
00357 ,0.195, 0.195, 0.032, 0.990, 3.154 
00358 ,0.190, 0.190, 0.030, 0.990, 3.154 
00359 ,0.185, 0.185, 0.028, 0.989, 3.154 
00360 ,0.180, 0.180, 0.026, 0.989, 3.154 
00361 ,0.175, 0.175, 0.024, 0.989, 3.154 
00362 ,0.170, 0.170, 0.022, 0.989, 3.154 
00363 ,0.165, 0.165, 0.021, 0.989, 3.154 
00364 ,0.160, 0.160, 0.019, 0.989, 3.154 
00365 ,0.155, 0.155, 0.017, 0.989, 3.154 
00366 ,0.150, 0.150, 0.016, 0.989, 3.154 
00367 ,0.145, 0.145, 0.015, 0.989, 3.154 
00368 ,0.140, 0.140, 0.013, 0.989, 3.154 
00369 ,0.135, 0.135, 0.012, 0.989, 3.154 
00370 ,0.130, 0.130, 0.010, 0.989, 3.154 
00371 ,0.125, 0.125, 0.009, 0.989, 3.154 
00372 ,0.120, 0.120, 0.008, 0.989, 3.154 
00373 ,0.115, 0.115, 0.007, 0.989, 3.154 
00374 ,0.110, 0.110, 0.006, 0.989, 3.154 
00375 ,0.105, 0.105, 0.004, 0.989, 3.154 
00376 ,0.100, 0.100, 0.003, 0.989, 3.154 
00377 ,0.095, 0.095, 0.003, 0.989, 3.154 
00378 ,0.090, 0.090, 0.002, 0.989, 3.154 
00379 ,0.085, 0.085, 0.001, 0.989, 3.154 
00380 ,0.080, 0.080, -0.000, 0.989, 3.154 
00381 ,0.075, 0.075, -0.001, 0.989, 3.154 
00382 ,0.070, 0.070, -0.002, 0.989, 3.154 
00383 ,0.065, 0.065, -0.002, 0.989, 3.154 
00384 ,0.060, 0.060, -0.003, 0.989, 3.154 
00385 ,0.055, 0.055, -0.004, 0.989, 3.154 
00386 ,0.050, 0.050, -0.004, 0.989, 3.154 
00387 ,0.045, 0.045, -0.005, 0.989, 3.154 
00388 ,0.040, 0.040, -0.005, 0.989, 3.154 
00389 ,0.000, 0.000, -0.005, 0.989, 3.154 
00000 ,0.000, 0.000, -0.006, 0.989, 3.154 
00001 ,-0.005, 0.005, -0.006, 0.989, 3.154 
00002 ,-0.010, 0.010, -0.006, 0.989, 3.154 
00003 ,-0.015, 0.015, -0.006, 0.989, 3.154 
00004 ,-0.020, 0.020, -0.006, 0.989, 3.154 
00005 ,-0.025, 0.025, -0.006, 0.989, 3.155 
00006 ,-0.030, 0.030, -0.006, 0.989, 3.157 
00007 ,-0.035, 0.035, -0.006, 0.989, 3.158 
00008 ,-0.040, 0.040, -0.006, 0.989, 3.160 
00009 ,-0.045, 0.045, -0.006, 0.989, 3.162 
00010 ,-0.050, 0.050, -0.006, 0.989, 3.166 
00011 ,-0.055, 0.055, -0.006, 0.989, 3.169 
00012 ,-0.060, 0.060, -0.006, 0.989, 3.173 
00013 ,-0.065, 0.065, -0.006, 0.989, 3.177 
00014 ,-0.070, 0.070, -0.006, 0.989, 3.181 
00015 ,-0.075, 0.075, -0.006, 0.989, 3.185 
00016 ,-0.080, 0.080, -0.006, 0.989, 3.190 
00017 ,-0.085, 0.085, -0.006, 0.989, 3.195 
00018 ,-0.090, 0.090, -0.006, 0.989, 3.201 
00019 ,-0.095, 0.095, -0.006, 0.989, 3.207 
00020 ,-0.100, 0.100, -0.006, 0.989, 3.214 
00021 ,-0.105, 0.105, -0.006, 0.989, 3.221 
00022 ,-0.110, 0.110, -0.006, 0.989, 3.229 
00023 ,-0.115, 0.115, -0.006, 0.989, 3.237 
00024 ,-0.120, 0.120, -0.006, 0.989, 3.245 
00025 ,-0.125, 0.125, -0.006, 0.989, 3.253 
00026 ,-0.130, 0.130, -0.006, 0.989, 3.263 
00027 ,-0.135, 0.135, -0.006, 0.989, 3.272 
00028 ,-0.140, 0.140, -0.006, 0.989, 3.282 
00029 ,-0.145, 0.145, -0.006, 0.989, 3.292 
00030 ,-0.150, 0.150, -0.006, 0.989, 3.303 
00031 ,-0.150, 0.150, -0.006, 0.989, 3.313 
00032 ,-0.150, 0.150, -0.006, 0.989, 3.325 
00033 ,-0.150, 0.150, -0.006, 0.989, 3.337 
00034 ,-0.150, 0.150, -0.006, 0.989, 3.348 
00035 ,-0.150, 0.150, -0.006, 0.989, 3.359 
00036 ,-0.150, 0.150, -0.006, 0.989, 3.371 
00037 ,-0.150, 0.150, -0.006, 0.989, 3.383 
00038 ,-0.150, 0.150, -0.006, 0.989, 3.394 
00039 ,-0.150, 0.150, -0.006, 0.989, 3.406 
00040 ,-0.150, 0.150, -0.006, 0.989, 3.417 
00041 ,-0.150, 0.150, -0.006, 0.989, 3.429 
00042 ,-0.150, 0.150, -0.006, 0.989, 3.441 
00043 ,-0.150, 0.150, -0.006, 0.989, 3.452 
00044 ,-0.150, 0.150, -0.006, 0.989, 3.464 
00045 ,-0.150, 0.150, -0.006, 0.989, 3.475 
00046 ,-0.150, 0.150, -0.006, 0.989, 3.486 
00047 ,-0.150, 0.150, -0.006, 0.989, 3.498 
00048 ,-0.150, 0.150, -0.006, 0.989, 3.510 
00049 ,-0.150, 0.150, -0.006, 0.989, 3.521 
00050 ,-0.150, 0.150, -0.006, 0.989, 3.533 
00051 ,-0.150, 0.150, -0.006, 0.989, 3.544 
00052 ,-0.150, 0.150, -0.006, 0.989, 3.556 
00053 ,-0.150, 0.150, -0.006, 0.989, 3.568 
00054 ,-0.150, 0.150, -0.006, 0.989, 3.579 
00055 ,-0.150, 0.150, -0.006, 0.989, 3.590 
00056 ,-0.150, 0.150, -0.006, 0.989, 3.602 
00057 ,-0.150, 0.150, -0.006, 0.989, 3.613 
00058 ,-0.150, 0.150, -0.006, 0.989, 3.625 
00059 ,-0.150, 0.150, -0.006, 0.989, 3.636 
00060 ,-0.150, 0.150, -0.006, 0.989, 3.648 
00061 ,-0.150, 0.150, -0.006, 0.989, 3.660 
00062 ,-0.150, 0.150, -0.006, 0.989, 3.671 
00063 ,-0.150, 0.150, -0.006, 0.989, 3.683 
00064 ,-0.150, 0.150, -0.006, 0.989, 3.694 
00065 ,-0.150, 0.150, -0.006, 0.989, 3.705 
00066 ,-0.150, 0.150, -0.006, 0.989, 3.717 
00067 ,-0.150, 0.150, -0.006, 0.989, 3.729 
00068 ,-0.150, 0.150, -0.006, 0.989, 3.740 
00069 ,-0.150, 0.150, -0.006, 0.989, 3.752 
00070 ,-0.150, 0.150, -0.006, 0.989, 3.763 
00071 ,-0.150, 0.150, -0.006, 0.989, 3.775 
00072 ,-0.150, 0.150, -0.006, 0.989, 3.787 
00073 ,-0.150, 0.150, -0.006, 0.989, 3.798 
00074 ,-0.150, 0.150, -0.006, 0.989, 3.809 
00075 ,-0.150, 0.150, -0.006, 0.989, 3.821 
00076 ,-0.150, 0.150, -0.006, 0.989, 3.833 
00077 ,-0.150, 0.150, -0.006, 0.989, 3.844 
00078 ,-0.150, 0.150, -0.006, 0.989, 3.856 
00079 ,-0.150, 0.150, -0.006, 0.989, 3.867 
00080 ,-0.150, 0.150, -0.006, 0.989, 3.879 
00081 ,-0.150, 0.150, -0.006, 0.989, 3.891 
00082 ,-0.150, 0.150, -0.006, 0.989, 3.902 
00083 ,-0.150, 0.150, -0.006, 0.989, 3.913 
00084 ,-0.150, 0.150, -0.006, 0.989, 3.925 
00085 ,-0.150, 0.150, -0.006, 0.989, 3.936 
00086 ,-0.150, 0.150, -0.006, 0.989, 3.948 
00087 ,-0.150, 0.150, -0.006, 0.989, 3.960 
00088 ,-0.150, 0.150, -0.006, 0.989, 3.971 
00089 ,-0.150, 0.150, -0.006, 0.989, 3.983 
00090 ,-0.150, 0.150, -0.006, 0.989, 3.994 
00091 ,-0.150, 0.150, -0.006, 0.989, 4.006 
00092 ,-0.150, 0.150, -0.006, 0.989, 4.018 
00093 ,-0.150, 0.150, -0.006, 0.989, 4.029 
00094 ,-0.150, 0.150, -0.006, 0.989, 4.040 
00095 ,-0.150, 0.150, -0.006, 0.989, 4.052 
00096 ,-0.150, 0.150, -0.006, 0.989, 4.063 
00097 ,-0.150, 0.150, -0.006, 0.989, 4.075 
00098 ,-0.150, 0.150, -0.006, 0.989, 4.086 
00099 ,-0.150, 0.150, -0.006, 0.989, 4.098 
00100 ,-0.150, 0.150, -0.006, 0.989, 4.110 
00101 ,-0.150, 0.150, -0.006, 0.989, 4.121 
00102 ,-0.150, 0.150, -0.006, 0.989, 4.133 
00103 ,-0.150, 0.150, -0.006, 0.989, 4.144 
00104 ,-0.150, 0.150, -0.006, 0.989, 4.155 
00105 ,-0.150, 0.150, -0.006, 0.989, 4.167 
00106 ,-0.150, 0.150, -0.006, 0.989, 4.179 
00107 ,-0.150, 0.150, -0.006, 0.989, 4.190 
00108 ,-0.150, 0.150, -0.006, 0.989, 4.202 
00109 ,-0.150, 0.150, -0.006, 0.989, 4.214 
00110 ,-0.150, 0.150, -0.006, 0.989, 4.225 
00111 ,-0.150, 0.150, -0.006, 0.989, 4.237 
00112 ,-0.150, 0.150, -0.006, 0.989, 4.248 
00113 ,-0.150, 0.150, -0.006, 0.989, 4.259 
00114 ,-0.150, 0.150, -0.006, 0.989, 4.271 
00115 ,-0.150, 0.150, -0.006, 0.989, 4.283 
00116 ,-0.150, 0.150, -0.006, 0.989, 4.294 
00117 ,-0.150, 0.150, -0.006, 0.989, 4.306 
00118 ,-0.150, 0.150, -0.006, 0.989, 4.317 
00119 ,-0.150, 0.150, -0.006, 0.989, 4.329 
00120 ,-0.150, 0.150, -0.006, 0.989, 4.341 
00121 ,-0.150, 0.150, -0.006, 0.989, 4.352 
00122 ,-0.150, 0.150, -0.006, 0.989, 4.363 
00123 ,-0.150, 0.150, -0.006, 0.989, 4.375 
00124 ,-0.150, 0.150, -0.006, 0.989, 4.386 
00125 ,-0.150, 0.150, -0.006, 0.989, 4.398 
00126 ,-0.150, 0.150, -0.006, 0.989, 4.410 
00127 ,-0.150, 0.150, -0.006, 0.989, 4.421 
00128 ,-0.150, 0.150, -0.006, 0.989, 4.433 
00129 ,-0.150, 0.150, -0.006, 0.989, 4.444 
00130 ,-0.150, 0.150, -0.006, 0.989, 4.456 
00131 ,-0.150, 0.150, -0.006, 0.989, 4.467 
00132 ,-0.150, 0.150, -0.006, 0.989, 4.479 
00133 ,-0.150, 0.150, -0.006, 0.989, 4.490 
00134 ,-0.150, 0.150, -0.006, 0.989, 4.502 
00135 ,-0.150, 0.150, -0.006, 0.989, 4.513 
00136 ,-0.150, 0.150, -0.006, 0.989, 4.525 
00137 ,-0.150, 0.150, -0.006, 0.989, 4.536 
00138 ,-0.150, 0.150, -0.006, 0.989, 4.548 
00139 ,-0.150, 0.150, -0.006, 0.989, 4.560 
00140 ,-0.145, 0.145, -0.006, 0.989, 4.571 
00141 ,-0.140, 0.140, -0.006, 0.989, 4.583 
00142 ,-0.135, 0.135, -0.006, 0.989, 4.594 
00143 ,-0.130, 0.130, -0.006, 0.989, 4.603 
00144 ,-0.125, 0.125, -0.006, 0.989, 4.613 
00145 ,-0.120, 0.120, -0.006, 0.989, 4.623 
00146 ,-0.115, 0.115, -0.006, 0.989, 4.632 
00147 ,-0.110, 0.110, -0.006, 0.989, 4.640 
00148 ,-0.105, 0.105, -0.006, 0.989, 4.649 
00149 ,-0.100, 0.100, -0.006, 0.989, 4.657 
00150 ,-0.095, 0.095, -0.006, 0.989, 4.664 
00151 ,-0.090, 0.090, -0.006, 0.989, 4.671 
00152 ,-0.085, 0.085, -0.006, 0.989, 4.678 
00153 ,-0.080, 0.080, -0.006, 0.989, 4.684 
00154 ,-0.075, 0.075, -0.006, 0.989, 4.691 
00155 ,-0.070, 0.070, -0.006, 0.989, 4.696 
00156 ,-0.065, 0.065, -0.006, 0.989, 4.701 
00157 ,-0.060, 0.060, -0.006, 0.989, 4.705 
00158 ,-0.055, 0.055, -0.006, 0.989, 4.710 
00159 ,-0.050, 0.050, -0.006, 0.989, 4.714 
00160 ,-0.045, 0.045, -0.006, 0.989, 4.718 
00161 ,-0.040, 0.040, -0.006, 0.989, 4.721 
00162 ,-0.035, 0.035, -0.006, 0.989, 4.724 
00163 ,-0.030, 0.030, -0.006, 0.989, 4.727 
00164 ,0.000, 0.000, -0.006, 0.989, 4.729 
00000 ,0.000, 0.000, -0.006, 0.989, 4.730 
00001 ,0.005, 0.005, -0.006, 0.989, 4.730 
00002 ,0.010, 0.010, -0.006, 0.989, 4.730 
00003 ,0.015, 0.015, -0.006, 0.989, 4.730 
00004 ,0.020, 0.020, -0.006, 0.989, 4.731 
00005 ,0.025, 0.025, -0.006, 0.989, 4.731 
00006 ,0.030, 0.030, -0.006, 0.989, 4.731 
00007 ,0.035, 0.035, -0.006, 0.989, 4.731 
00008 ,0.040, 0.040, -0.006, 0.988, 4.731 
00009 ,0.045, 0.045, -0.006, 0.988, 4.731 
00010 ,0.050, 0.050, -0.006, 0.988, 4.731 
00011 ,0.055, 0.055, -0.006, 0.987, 4.731 
00012 ,0.060, 0.060, -0.006, 0.987, 4.731 
00013 ,0.065, 0.065, -0.006, 0.986, 4.731 
00014 ,0.070, 0.070, -0.006, 0.986, 4.731 
00015 ,0.075, 0.075, -0.006, 0.985, 4.731 
00016 ,0.080, 0.080, -0.006, 0.984, 4.731 
00017 ,0.085, 0.085, -0.006, 0.984, 4.731 
00018 ,0.090, 0.090, -0.006, 0.983, 4.731 
00019 ,0.095, 0.095, -0.006, 0.982, 4.731 
00020 ,0.100, 0.100, -0.006, 0.981, 4.731 
00021 ,0.105, 0.105, -0.006, 0.980, 4.731 
00022 ,0.110, 0.110, -0.005, 0.979, 4.731 
00023 ,0.115, 0.115, -0.005, 0.978, 4.731 
00024 ,0.120, 0.120, -0.005, 0.977, 4.731 
00025 ,0.125, 0.125, -0.005, 0.976, 4.731 
00026 ,0.130, 0.130, -0.005, 0.975, 4.731 
00027 ,0.135, 0.135, -0.005, 0.974, 4.731 
00028 ,0.140, 0.140, -0.005, 0.972, 4.731 
00029 ,0.145, 0.145, -0.005, 0.971, 4.731 
00030 ,0.150, 0.150, -0.005, 0.970, 4.731 
00031 ,0.155, 0.155, -0.005, 0.968, 4.731 
00032 ,0.160, 0.160, -0.005, 0.967, 4.731 
00033 ,0.165, 0.165, -0.005, 0.965, 4.731 
00034 ,0.170, 0.170, -0.005, 0.964, 4.731 
00035 ,0.175, 0.175, -0.005, 0.962, 4.731 
00036 ,0.180, 0.180, -0.005, 0.960, 4.731 
00037 ,0.185, 0.185, -0.005, 0.959, 4.731 
00038 ,0.190, 0.190, -0.005, 0.957, 4.731 
00039 ,0.195, 0.195, -0.005, 0.955, 4.731 
00040 ,0.200, 0.200, -0.005, 0.953, 4.731 
00041 ,0.205, 0.205, -0.005, 0.951, 4.731 
00042 ,0.210, 0.210, -0.005, 0.949, 4.731 
00043 ,0.215, 0.215, -0.005, 0.947, 4.731 
00044 ,0.220, 0.220, -0.005, 0.945, 4.731 
00045 ,0.225, 0.225, -0.005, 0.943, 4.731 
00046 ,0.230, 0.230, -0.005, 0.941, 4.731 
00047 ,0.235, 0.235, -0.005, 0.939, 4.731 
00048 ,0.240, 0.240, -0.005, 0.936, 4.731 
00049 ,0.245, 0.245, -0.005, 0.934, 4.731 
00050 ,0.250, 0.250, -0.005, 0.932, 4.731 
00051 ,0.255, 0.255, -0.005, 0.929, 4.731 
00052 ,0.260, 0.260, -0.005, 0.927, 4.731 
00053 ,0.265, 0.265, -0.004, 0.924, 4.731 
00054 ,0.270, 0.270, -0.004, 0.922, 4.731 
00055 ,0.275, 0.275, -0.004, 0.919, 4.731 
00056 ,0.280, 0.280, -0.004, 0.916, 4.731 
00057 ,0.285, 0.285, -0.004, 0.914, 4.731 
00058 ,0.290, 0.290, -0.004, 0.911, 4.731 
00059 ,0.295, 0.295, -0.004, 0.908, 4.731 
00060 ,0.300, 0.300, -0.004, 0.905, 4.731 
00061 ,0.300, 0.300, -0.004, 0.902, 4.731 
00062 ,0.300, 0.300, -0.004, 0.899, 4.731 
00063 ,0.300, 0.300, -0.004, 0.896, 4.731 
00064 ,0.300, 0.300, -0.004, 0.893, 4.731 
00065 ,0.300, 0.300, -0.004, 0.890, 4.731 
00066 ,0.300, 0.300, -0.004, 0.887, 4.731 
00067 ,0.300, 0.300, -0.004, 0.884, 4.731 
00068 ,0.300, 0.300, -0.004, 0.881, 4.731 
00069 ,0.300, 0.300, -0.004, 0.878, 4.731 
00070 ,0.300, 0.300, -0.004, 0.875, 4.731 
00071 ,0.300, 0.300, -0.004, 0.872, 4.731 
00072 ,0.300, 0.300, -0.003, 0.869, 4.731 
00073 ,0.300, 0.300, -0.003, 0.866, 4.731 
00074 ,0.300, 0.300, -0.003, 0.863, 4.731 
00075 ,0.300, 0.300, -0.003, 0.860, 4.731 
00076 ,0.300, 0.300, -0.003, 0.857, 4.731 
00077 ,0.300, 0.300, -0.003, 0.854, 4.731 
00078 ,0.300, 0.300, -0.003, 0.851, 4.731 
00079 ,0.300, 0.300, -0.003, 0.848, 4.731 
00080 ,0.300, 0.300, -0.003, 0.845, 4.731 
00081 ,0.300, 0.300, -0.003, 0.842, 4.731 
00082 ,0.300, 0.300, -0.003, 0.839, 4.731 
00083 ,0.300, 0.300, -0.003, 0.836, 4.731 
00084 ,0.300, 0.300, -0.003, 0.833, 4.731 
00085 ,0.300, 0.300, -0.003, 0.830, 4.731 
00086 ,0.300, 0.300, -0.003, 0.827, 4.731 
00087 ,0.300, 0.300, -0.003, 0.824, 4.731 
00088 ,0.300, 0.300, -0.003, 0.821, 4.731 
00089 ,0.300, 0.300, -0.003, 0.818, 4.731 
00090 ,0.300, 0.300, -0.002, 0.815, 4.731 
00091 ,0.300, 0.300, -0.002, 0.812, 4.731 
00092 ,0.300, 0.300, -0.002, 0.809, 4.731 
00093 ,0.300, 0.300, -0.002, 0.806, 4.731 
00094 ,0.300, 0.300, -0.002, 0.803, 4.731 
00095 ,0.300, 0.300, -0.002, 0.800, 4.731 
00096 ,0.300, 0.300, -0.002, 0.797, 4.731 
00097 ,0.300, 0.300, -0.002, 0.794, 4.731 
00098 ,0.300, 0.300, -0.002, 0.791, 4.731 
00099 ,0.300, 0.300, -0.002, 0.788, 4.731 
00100 ,0.300, 0.300, -0.002, 0.785, 4.731 
00101 ,0.300, 0.300, -0.002, 0.782, 4.731 
00102 ,0.300, 0.300, -0.002, 0.779, 4.731 
00103 ,0.300, 0.300, -0.002, 0.776, 4.731 
00104 ,0.300, 0.300, -0.002, 0.773, 4.731 
00105 ,0.300, 0.300, -0.002, 0.770, 4.731 
00106 ,0.300, 0.300, -0.002, 0.767, 4.731 
00107 ,0.300, 0.300, -0.002, 0.764, 4.731 
00108 ,0.300, 0.300, -0.001, 0.761, 4.731 
00109 ,0.300, 0.300, -0.001, 0.758, 4.731 
00110 ,0.300, 0.300, -0.001, 0.755, 4.731 
00111 ,0.300, 0.300, -0.001, 0.752, 4.731 
00112 ,0.300, 0.300, -0.001, 0.749, 4.731 
00113 ,0.300, 0.300, -0.001, 0.746, 4.731 
00114 ,0.300, 0.300, -0.001, 0.743, 4.731 
00115 ,0.300, 0.300, -0.001, 0.740, 4.731 
00116 ,0.300, 0.300, -0.001, 0.737, 4.731 
00117 ,0.300, 0.300, -0.001, 0.734, 4.731 
00118 ,0.300, 0.300, -0.001, 0.731, 4.731 
00119 ,0.300, 0.300, -0.001, 0.728, 4.731 
00120 ,0.300, 0.300, -0.001, 0.725, 4.731 
00121 ,0.300, 0.300, -0.001, 0.722, 4.731 
00122 ,0.300, 0.300, -0.001, 0.719, 4.731 
00123 ,0.300, 0.300, -0.001, 0.716, 4.731 
00124 ,0.300, 0.300, -0.001, 0.713, 4.731 
00125 ,0.300, 0.300, -0.001, 0.710, 4.731 
00126 ,0.300, 0.300, -0.001, 0.707, 4.731 
00127 ,0.300, 0.300, -0.000, 0.704, 4.731 
00128 ,0.300, 0.300, -0.000, 0.701, 4.731 
00129 ,0.300, 0.300, -0.000, 0.698, 4.731 
00130 ,0.300, 0.300, -0.000, 0.695, 4.731 
00131 ,0.300, 0.300, -0.000, 0.692, 4.731 
00132 ,0.300, 0.300, -0.000, 0.689, 4.731 
00133 ,0.300, 0.300, -0.000, 0.686, 4.731 
00134 ,0.300, 0.300, -0.000, 0.683, 4.731 
00135 ,0.300, 0.300, -0.000, 0.680, 4.731 
00136 ,0.300, 0.300, 0.000, 0.677, 4.731 
00137 ,0.300, 0.300, 0.000, 0.674, 4.731 
00138 ,0.300, 0.300, 0.000, 0.671, 4.731 
00139 ,0.300, 0.300, 0.000, 0.668, 4.731 
00140 ,0.300, 0.300, 0.000, 0.665, 4.731 
00141 ,0.300, 0.300, 0.000, 0.662, 4.731 
00142 ,0.300, 0.300, 0.000, 0.659, 4.731 
00143 ,0.300, 0.300, 0.000, 0.656, 4.731 
00144 ,0.300, 0.300, 0.000, 0.653, 4.731 
00145 ,0.300, 0.300, 0.001, 0.650, 4.731 
00146 ,0.300, 0.300, 0.001, 0.647, 4.731 
00147 ,0.300, 0.300, 0.001, 0.644, 4.731 
00148 ,0.300, 0.300, 0.001, 0.641, 4.731 
00149 ,0.300, 0.300, 0.001, 0.638, 4.731 
00150 ,0.300, 0.300, 0.001, 0.635, 4.731 
00151 ,0.300, 0.300, 0.001, 0.632, 4.731 
00152 ,0.300, 0.300, 0.001, 0.629, 4.731 
00153 ,0.300, 0.300, 0.001, 0.626, 4.731 
00154 ,0.300, 0.300, 0.001, 0.623, 4.731 
00155 ,0.300, 0.300, 0.001, 0.620, 4.731 
00156 ,0.300, 0.300, 0.001, 0.617, 4.731 
00157 ,0.300, 0.300, 0.001, 0.614, 4.731 
00158 ,0.300, 0.300, 0.001, 0.611, 4.731 
00159 ,0.300, 0.300, 0.001, 0.608, 4.731 
00160 ,0.300, 0.300, 0.001, 0.605, 4.731 
00161 ,0.300, 0.300, 0.001, 0.602, 4.731 
00162 ,0.300, 0.300, 0.001, 0.599, 4.731 
00163 ,0.300, 0.300, 0.002, 0.596, 4.731 
00164 ,0.300, 0.300, 0.002, 0.593, 4.731 
00165 ,0.300, 0.300, 0.002, 0.590, 4.731 
00166 ,0.300, 0.300, 0.002, 0.587, 4.731 
00167 ,0.300, 0.300, 0.002, 0.584, 4.731 
00168 ,0.300, 0.300, 0.002, 0.581, 4.731 
00169 ,0.300, 0.300, 0.002, 0.578, 4.731 
00170 ,0.300, 0.300, 0.002, 0.575, 4.731 
00171 ,0.300, 0.300, 0.002, 0.572, 4.731 
00172 ,0.300, 0.300, 0.002, 0.569, 4.731 
00173 ,0.300, 0.300, 0.002, 0.566, 4.731 
00174 ,0.300, 0.300, 0.002, 0.563, 4.731 
00175 ,0.300, 0.300, 0.002, 0.560, 4.731 
00176 ,0.300, 0.300, 0.002, 0.557, 4.731 
00177 ,0.300, 0.300, 0.002, 0.554, 4.731 
00178 ,0.300, 0.300, 0.002, 0.551, 4.731 
00179 ,0.300, 0.300, 0.002, 0.548, 4.731 
00180 ,0.300, 0.300, 0.002, 0.545, 4.731 
00181 ,0.300, 0.300, 0.003, 0.542, 4.731 
00182 ,0.300, 0.300, 0.003, 0.539, 4.731 
00183 ,0.300, 0.300, 0.003, 0.536, 4.731 
00184 ,0.300, 0.300, 0.003, 0.533, 4.731 
00185 ,0.300, 0.300, 0.003, 0.530, 4.731 
00186 ,0.300, 0.300, 0.003, 0.527, 4.731 
00187 ,0.300, 0.300, 0.003, 0.524, 4.731 
00188 ,0.300, 0.300, 0.003, 0.521, 4.731 
00189 ,0.300, 0.300, 0.003, 0.518, 4.731 
00190 ,0.300, 0.300, 0.003, 0.515, 4.731 
00191 ,0.300, 0.300, 0.003, 0.512, 4.731 
00192 ,0.300, 0.300, 0.003, 0.509, 4.731 
00193 ,0.300, 0.300, 0.003, 0.506, 4.731 
00194 ,0.300, 0.300, 0.003, 0.503, 4.731 
00195 ,0.300, 0.300, 0.003, 0.500, 4.731 
00196 ,0.300, 0.300, 0.003, 0.497, 4.731 
00197 ,0.300, 0.300, 0.003, 0.494, 4.731 
00198 ,0.300, 0.300, 0.003, 0.491, 4.731 
00199 ,0.300, 0.300, 0.004, 0.488, 4.731 
00200 ,0.300, 0.300, 0.004, 0.485, 4.731 
00201 ,0.300, 0.300, 0.004, 0.482, 4.731 
00202 ,0.300, 0.300, 0.004, 0.479, 4.731 
00203 ,0.300, 0.300, 0.004, 0.476, 4.731 
00204 ,0.300, 0.300, 0.004, 0.473, 4.731 
00205 ,0.300, 0.300, 0.004, 0.470, 4.731 
00206 ,0.300, 0.300, 0.004, 0.467, 4.731 
00207 ,0.300, 0.300, 0.004, 0.464, 4.731 
00208 ,0.300, 0.300, 0.004, 0.461, 4.731 
00209 ,0.300, 0.300, 0.004, 0.458, 4.731 
00210 ,0.300, 0.300, 0.004, 0.455, 4.731 
00211 ,0.300, 0.300, 0.004, 0.452, 4.731 
00212 ,0.300, 0.300, 0.004, 0.449, 4.731 
00213 ,0.300, 0.300, 0.004, 0.446, 4.731 
00214 ,0.300, 0.300, 0.004, 0.443, 4.731 
00215 ,0.300, 0.300, 0.004, 0.440, 4.731 
00216 ,0.300, 0.300, 0.004, 0.437, 4.731 
00217 ,0.300, 0.300, 0.005, 0.434, 4.731 
00218 ,0.300, 0.300, 0.005, 0.431, 4.731 
00219 ,0.300, 0.300, 0.005, 0.428, 4.731 
00220 ,0.300, 0.300, 0.005, 0.425, 4.731 
00221 ,0.300, 0.300, 0.005, 0.422, 4.731 
00222 ,0.300, 0.300, 0.005, 0.419, 4.731 
00223 ,0.300, 0.300, 0.005, 0.416, 4.731 
00224 ,0.300, 0.300, 0.005, 0.413, 4.731 
00225 ,0.300, 0.300, 0.005, 0.410, 4.731 
00226 ,0.300, 0.300, 0.005, 0.407, 4.731 
00227 ,0.300, 0.300, 0.005, 0.404, 4.731 
00228 ,0.300, 0.300, 0.005, 0.401, 4.731 
00229 ,0.300, 0.300, 0.005, 0.398, 4.731 
00230 ,0.300, 0.300, 0.005, 0.395, 4.731 
00231 ,0.300, 0.300, 0.005, 0.392, 4.731 
00232 ,0.300, 0.300, 0.005, 0.389, 4.731 
00233 ,0.300, 0.300, 0.005, 0.386, 4.731 
00234 ,0.300, 0.300, 0.005, 0.383, 4.731 
00235 ,0.300, 0.300, 0.005, 0.380, 4.731 
00236 ,0.300, 0.300, 0.006, 0.377, 4.731 
00237 ,0.300, 0.300, 0.006, 0.374, 4.731 
00238 ,0.300, 0.300, 0.006, 0.371, 4.731 
00239 ,0.300, 0.300, 0.006, 0.368, 4.731 
00240 ,0.300, 0.300, 0.006, 0.365, 4.731 
00241 ,0.300, 0.300, 0.006, 0.362, 4.731 
00242 ,0.300, 0.300, 0.006, 0.359, 4.731 
00243 ,0.300, 0.300, 0.006, 0.356, 4.731 
00244 ,0.300, 0.300, 0.006, 0.353, 4.731 
00245 ,0.300, 0.300, 0.006, 0.350, 4.731 
00246 ,0.300, 0.300, 0.006, 0.347, 4.731 
00247 ,0.300, 0.300, 0.006, 0.344, 4.731 
00248 ,0.300, 0.300, 0.006, 0.341, 4.731 
00249 ,0.300, 0.300, 0.006, 0.338, 4.731 
00250 ,0.300, 0.300, 0.006, 0.335, 4.731 
00251 ,0.300, 0.300, 0.006, 0.332, 4.731 
00252 ,0.300, 0.300, 0.006, 0.329, 4.731 
00253 ,0.300, 0.300, 0.006, 0.326, 4.731 
00254 ,0.300, 0.300, 0.007, 0.323, 4.731 
00255 ,0.300, 0.300, 0.007, 0.320, 4.731 
00256 ,0.300, 0.300, 0.007, 0.317, 4.731 
00257 ,0.300, 0.300, 0.007, 0.314, 4.731 
00258 ,0.300, 0.300, 0.007, 0.311, 4.731 
00259 ,0.300, 0.300, 0.007, 0.308, 4.731 
00260 ,0.300, 0.300, 0.007, 0.305, 4.731 
00261 ,0.300, 0.300, 0.007, 0.302, 4.731 
00262 ,0.300, 0.300, 0.007, 0.300, 4.731 
00263 ,0.300, 0.300, 0.007, 0.296, 4.731 
00264 ,0.300, 0.300, 0.007, 0.293, 4.731 
00265 ,0.300, 0.300, 0.007, 0.290, 4.731 
00266 ,0.300, 0.300, 0.007, 0.287, 4.731 
00267 ,0.300, 0.300, 0.007, 0.284, 4.731 
00268 ,0.300, 0.300, 0.007, 0.281, 4.731 
00269 ,0.300, 0.300, 0.007, 0.279, 4.731 
00270 ,0.300, 0.300, 0.007, 0.275, 4.731 
00271 ,0.300, 0.300, 0.007, 0.272, 4.731 
00272 ,0.300, 0.300, 0.008, 0.269, 4.731 
00273 ,0.300, 0.300, 0.008, 0.266, 4.731 
00274 ,0.300, 0.300, 0.008, 0.263, 4.731 
00275 ,0.300, 0.300, 0.008, 0.260, 4.731 
00276 ,0.300, 0.300, 0.008, 0.258, 4.731 
00277 ,0.300, 0.300, 0.008, 0.254, 4.731 
00278 ,0.300, 0.300, 0.008, 0.251, 4.731 
00279 ,0.300, 0.300, 0.008, 0.248, 4.731 
00280 ,0.300, 0.300, 0.008, 0.245, 4.731 
00281 ,0.300, 0.300, 0.008, 0.242, 4.731 
00282 ,0.300, 0.300, 0.008, 0.239, 4.731 
00283 ,0.300, 0.300, 0.008, 0.237, 4.731 
00284 ,0.300, 0.300, 0.008, 0.233, 4.731 
00285 ,0.300, 0.300, 0.008, 0.230, 4.731 
00286 ,0.300, 0.300, 0.008, 0.227, 4.731 
00287 ,0.300, 0.300, 0.008, 0.224, 4.731 
00288 ,0.300, 0.300, 0.008, 0.221, 4.731 
00289 ,0.300, 0.300, 0.008, 0.218, 4.731 
00290 ,0.300, 0.300, 0.009, 0.216, 4.731 
00291 ,0.300, 0.300, 0.009, 0.212, 4.731 
00292 ,0.300, 0.300, 0.009, 0.209, 4.731 
00293 ,0.300, 0.300, 0.009, 0.206, 4.731 
00294 ,0.300, 0.300, 0.009, 0.203, 4.731 
00295 ,0.300, 0.300, 0.009, 0.200, 4.731 
00296 ,0.300, 0.300, 0.009, 0.197, 4.731 
00297 ,0.300, 0.300, 0.009, 0.195, 4.731 
00298 ,0.300, 0.300, 0.009, 0.191, 4.731 
00299 ,0.300, 0.300, 0.009, 0.188, 4.731 
00300 ,0.300, 0.300, 0.009, 0.186, 4.731 
00301 ,0.300, 0.300, 0.009, 0.182, 4.731 
00302 ,0.300, 0.300, 0.009, 0.179, 4.731 
00303 ,0.300, 0.300, 0.009, 0.176, 4.731 
00304 ,0.300, 0.300, 0.009, 0.174, 4.731 
00305 ,0.300, 0.300, 0.009, 0.170, 4.731 
00306 ,0.300, 0.300, 0.009, 0.167, 4.731 
00307 ,0.300, 0.300, 0.009, 0.165, 4.731 
00308 ,0.300, 0.300, 0.010, 0.162, 4.731 
00309 ,0.300, 0.300, 0.010, 0.158, 4.731 
00310 ,0.300, 0.300, 0.010, 0.155, 4.731 
00311 ,0.300, 0.300, 0.010, 0.153, 4.731 
00312 ,0.300, 0.300, 0.010, 0.149, 4.731 
00313 ,0.300, 0.300, 0.010, 0.146, 4.731 
00314 ,0.300, 0.300, 0.010, 0.144, 4.731 
00315 ,0.300, 0.300, 0.010, 0.141, 4.731 
00316 ,0.300, 0.300, 0.010, 0.137, 4.731 
00317 ,0.300, 0.300, 0.010, 0.134, 4.731 
00318 ,0.300, 0.300, 0.010, 0.132, 4.731 
00319 ,0.300, 0.300, 0.010, 0.128, 4.731 
00320 ,0.300, 0.300, 0.010, 0.125, 4.731 
00321 ,0.300, 0.300, 0.010, 0.123, 4.731 
00322 ,0.300, 0.300, 0.010, 0.120, 4.731 
00323 ,0.300, 0.300, 0.010, 0.116, 4.731 
00324 ,0.300, 0.300, 0.010, 0.113, 4.731 
00325 ,0.300, 0.300, 0.010, 0.111, 4.731 
00326 ,0.300, 0.300, 0.010, 0.107, 4.731 
00327 ,0.300, 0.300, 0.011, 0.104, 4.731 
00328 ,0.300, 0.300, 0.011, 0.102, 4.731 
00329 ,0.300, 0.300, 0.011, 0.099, 4.731 
00330 ,0.300, 0.300, 0.011, 0.095, 4.731 
00331 ,0.300, 0.300, 0.011, 0.092, 4.731 
00332 ,0.300, 0.300, 0.011, 0.090, 4.731 
00333 ,0.300, 0.300, 0.011, 0.087, 4.731 
00334 ,0.300, 0.300, 0.011, 0.083, 4.731 
00335 ,0.300, 0.300, 0.011, 0.081, 4.731 
00336 ,0.300, 0.300, 0.011, 0.078, 4.731 
00337 ,0.295, 0.295, 0.011, 0.074, 4.731 
00338 ,0.290, 0.290, 0.011, 0.071, 4.731 
00339 ,0.285, 0.285, 0.011, 0.069, 4.731 
00340 ,0.280, 0.280, 0.011, 0.066, 4.731 
00341 ,0.275, 0.275, 0.011, 0.063, 4.731 
00342 ,0.270, 0.270, 0.011, 0.060, 4.731 
00343 ,0.265, 0.265, 0.011, 0.058, 4.731 
00344 ,0.260, 0.260, 0.011, 0.055, 4.731 
00345 ,0.255, 0.255, 0.012, 0.052, 4.731 
00346 ,0.250, 0.250, 0.012, 0.050, 4.731 
00347 ,0.245, 0.245, 0.012, 0.047, 4.731 
00348 ,0.240, 0.240, 0.012, 0.045, 4.731 
00349 ,0.235, 0.235, 0.012, 0.043, 4.731 
00350 ,0.230, 0.230, 0.012, 0.040, 4.731 
00351 ,0.225, 0.225, 0.012, 0.038, 4.731 
00352 ,0.220, 0.220, 0.012, 0.036, 4.731 
00353 ,0.215, 0.215, 0.012, 0.034, 4.731 
00354 ,0.210, 0.210, 0.012, 0.032, 4.731 
00355 ,0.205, 0.205, 0.012, 0.029, 4.731 
00356 ,0.200, 0.200, 0.012, 0.027, 4.731 
00357 ,0.195, 0.195, 0.012, 0.025, 4.731 
00358 ,0.190, 0.190, 0.012, 0.024, 4.731 
00359 ,0.185, 0.185, 0.012, 0.022, 4.731 
00360 ,0.180, 0.180, 0.012, 0.020, 4.731 
00361 ,0.175, 0.175, 0.012, 0.018, 4.731 
00362 ,0.170, 0.170, 0.012, 0.016, 4.731 
00363 ,0.165, 0.165, 0.012, 0.015, 4.731 
00364 ,0.160, 0.160, 0.012, 0.013, 4.731 
00365 ,0.155, 0.155, 0.012, 0.011, 4.731 
00366 ,0.150, 0.150, 0.012, 0.010, 4.731 
00367 ,0.145, 0.145, 0.012, 0.008, 4.731 
00368 ,0.140, 0.140, 0.012, 0.007, 4.731 
00369 ,0.135, 0.135, 0.012, 0.006, 4.731 
00370 ,0.130, 0.130, 0.012, 0.004, 4.731 
00371 ,0.125, 0.125, 0.012, 0.003, 4.731 
00372 ,0.120, 0.120, 0.012, 0.002, 4.731 
00373 ,0.115, 0.115, 0.012, 0.001, 4.731 
00374 ,0.110, 0.110, 0.012, -0.001, 4.731 
00375 ,0.105, 0.105, 0.012, -0.002, 4.731 
00376 ,0.100, 0.100, 0.013, -0.003, 4.731 
00377 ,0.095, 0.095, 0.013, -0.004, 4.731 
00378 ,0.090, 0.090, 0.013, -0.005, 4.731 
00379 ,0.085, 0.085, 0.013, -0.005, 4.731 
00380 ,0.080, 0.080, 0.013, -0.006, 4.731 
00381 ,0.075, 0.075, 0.013, -0.007, 4.731 
00382 ,0.070, 0.070, 0.013, -0.008, 4.731 
00383 ,0.065, 0.065, 0.013, -0.008, 4.731 
00384 ,0.060, 0.060, 0.013, -0.009, 4.731 
00385 ,0.055, 0.055, 0.013, -0.010, 4.731 
00386 ,0.050, 0.050, 0.013, -0.010, 4.731 
00387 ,0.045, 0.045, 0.013, -0.011, 4.731 
00388 ,0.040, 0.040, 0.013, -0.011, 4.731 
00389 ,0.000, 0.000, 0.013, -0.011, 4.731 
00000 ,0.000, 0.000, 0.013, -0.012, 4.731 
00001 ,-0.005, 0.005, 0.013, -0.012, 4.731 
00002 ,-0.010, 0.010, 0.013, -0.012, 4.731 
00003 ,-0.015, 0.015, 0.013, -0.012, 4.731 
00004 ,-0.020, 0.020, 0.013, -0.012, 4.731 
00005 ,-0.025, 0.025, 0.013, -0.012, 4.732 
00006 ,-0.030, 0.030, 0.013, -0.012, 4.733 
00007 ,-0.035, 0.035, 0.013, -0.012, 4.735 
00008 ,-0.040, 0.040, 0.013, -0.012, 4.737 
00009 ,-0.045, 0.045, 0.013, -0.012, 4.740 
00010 ,-0.050, 0.050, 0.013, -0.012, 4.743 
00011 ,-0.055, 0.055, 0.013, -0.012, 4.746 
00012 ,-0.060, 0.060, 0.013, -0.012, 4.749 
00013 ,-0.065, 0.065, 0.013, -0.012, 4.753 
00014 ,-0.070, 0.070, 0.013, -0.012, 4.757 
00015 ,-0.075, 0.075, 0.013, -0.012, 4.762 
00016 ,-0.080, 0.080, 0.013, -0.012, 4.767 
00017 ,-0.085, 0.085, 0.013, -0.012, 4.772 
00018 ,-0.090, 0.090, 0.013, -0.012, 4.778 
00019 ,-0.095, 0.095, 0.013, -0.012, 4.784 
00020 ,-0.100, 0.100, 0.013, -0.012, 4.791 
00021 ,-0.105, 0.105, 0.013, -0.012, 4.798 
00022 ,-0.110, 0.110, 0.013, -0.012, 4.806 
00023 ,-0.115, 0.115, 0.013, -0.012, 4.813 
00024 ,-0.120, 0.120, 0.013, -0.012, 4.822 
00025 ,-0.125, 0.125, 0.013, -0.012, 4.830 
00026 ,-0.130, 0.130, 0.013, -0.012, 4.840 
00027 ,-0.135, 0.135, 0.013, -0.012, 4.849 
00028 ,-0.140, 0.140, 0.013, -0.012, 4.859 
00029 ,-0.145, 0.145, 0.013, -0.012, 4.869 
00030 ,-0.150, 0.150, 0.013, -0.012, 4.879 
00031 ,-0.150, 0.150, 0.013, -0.012, 4.890 
00032 ,-0.150, 0.150, 0.013, -0.012, 4.902 
00033 ,-0.150, 0.150, 0.013, -0.012, 4.913 
00034 ,-0.150, 0.150, 0.013, -0.012, 4.925 
00035 ,-0.150, 0.150, 0.013, -0.012, 4.937 
00036 ,-0.150, 0.150, 0.013, -0.012, 4.948 
00037 ,-0.150, 0.150, 0.013, -0.012, 4.960 
00038 ,-0.150, 0.150, 0.013, -0.012, 4.971 
00039 ,-0.150, 0.150, 0.013, -0.012, 4.982 
00040 ,-0.150, 0.150, 0.013, -0.012, 4.994 
00041 ,-0.150, 0.150, 0.013, -0.012, 5.005 
00042 ,-0.150, 0.150, 0.013, -0.012, 5.017 
00043 ,-0.150, 0.150, 0.013, -0.012, 5.029 
00044 ,-0.150, 0.150, 0.013, -0.012, 5.040 
00045 ,-0.150, 0.150, 0.013, -0.012, 5.052 
00046 ,-0.150, 0.150, 0.013, -0.012, 5.064 
00047 ,-0.150, 0.150, 0.013, -0.012, 5.075 
00048 ,-0.150, 0.150, 0.013, -0.012, 5.087 
00049 ,-0.150, 0.150, 0.013, -0.012, 5.098 
00050 ,-0.150, 0.150, 0.013, -0.012, 5.109 
00051 ,-0.150, 0.150, 0.013, -0.012, 5.121 
00052 ,-0.150, 0.150, 0.013, -0.012, 5.133 
00053 ,-0.150, 0.150, 0.013, -0.012, 5.144 
00054 ,-0.150, 0.150, 0.013, -0.012, 5.156 
00055 ,-0.150, 0.150, 0.013, -0.012, 5.167 
00056 ,-0.150, 0.150, 0.013, -0.012, 5.179 
00057 ,-0.150, 0.150, 0.013, -0.012, 5.191 
00058 ,-0.150, 0.150, 0.013, -0.012, 5.202 
00059 ,-0.150, 0.150, 0.013, -0.012, 5.213 
00060 ,-0.150, 0.150, 0.013, -0.012, 5.225 
00061 ,-0.150, 0.150, 0.013, -0.012, 5.236 
00062 ,-0.150, 0.150, 0.013, -0.012, 5.248 
00063 ,-0.150, 0.150, 0.013, -0.012, 5.260 
00064 ,-0.150, 0.150, 0.013, -0.012, 5.271 
00065 ,-0.150, 0.150, 0.013, -0.012, 5.283 
00066 ,-0.150, 0.150, 0.013, -0.012, 5.294 
00067 ,-0.150, 0.150, 0.013, -0.012, 5.306 
00068 ,-0.150, 0.150, 0.013, -0.012, 5.317 
00069 ,-0.150, 0.150, 0.013, -0.012, 5.328 
00070 ,-0.150, 0.150, 0.013, -0.012, 5.340 
00071 ,-0.150, 0.150, 0.013, -0.012, 5.352 
00072 ,-0.150, 0.150, 0.013, -0.012, 5.363 
00073 ,-0.150, 0.150, 0.013, -0.012, 5.375 
00074 ,-0.150, 0.150, 0.013, -0.012, 5.387 
00075 ,-0.150, 0.150, 0.013, -0.012, 5.398 
00076 ,-0.150, 0.150, 0.013, -0.012, 5.410 
00077 ,-0.150, 0.150, 0.013, -0.012, 5.421 
00078 ,-0.150, 0.150, 0.013, -0.012, 5.432 
00079 ,-0.150, 0.150, 0.013, -0.012, 5.444 
00080 ,-0.150, 0.150, 0.013, -0.012, 5.456 
00081 ,-0.150, 0.150, 0.013, -0.012, 5.467 
00082 ,-0.150, 0.150, 0.013, -0.012, 5.479 
00083 ,-0.150, 0.150, 0.013, -0.012, 5.490 
00084 ,-0.150, 0.150, 0.013, -0.012, 5.502 
00085 ,-0.150, 0.150, 0.013, -0.012, 5.514 
00086 ,-0.150, 0.150, 0.013, -0.012, 5.525 
00087 ,-0.150, 0.150, 0.013, -0.012, 5.536 
00088 ,-0.150, 0.150, 0.013, -0.012, 5.548 
00089 ,-0.150, 0.150, 0.013, -0.012, 5.559 
00090 ,-0.150, 0.150, 0.013, -0.012, 5.571 
00091 ,-0.150, 0.150, 0.013, -0.012, 5.583 
00092 ,-0.150, 0.150, 0.013, -0.012, 5.594 
00093 ,-0.150, 0.150, 0.013, -0.012, 5.606 
00094 ,-0.150, 0.150, 0.013, -0.012, 5.617 
00095 ,-0.150, 0.150, 0.013, -0.012, 5.629 
00096 ,-0.150, 0.150, 0.013, -0.012, 5.641 
00097 ,-0.150, 0.150, 0.013, -0.012, 5.652 
00098 ,-0.150, 0.150, 0.013, -0.012, 5.663 
00099 ,-0.150, 0.150, 0.013, -0.012, 5.675 
00100 ,-0.150, 0.150, 0.013, -0.012, 5.686 
00101 ,-0.150, 0.150, 0.013, -0.012, 5.698 
00102 ,-0.150, 0.150, 0.013, -0.012, 5.710 
00103 ,-0.150, 0.150, 0.013, -0.012, 5.721 
00104 ,-0.150, 0.150, 0.013, -0.012, 5.733 
00105 ,-0.150, 0.150, 0.013, -0.012, 5.744 
00106 ,-0.150, 0.150, 0.013, -0.012, 5.756 
00107 ,-0.150, 0.150, 0.013, -0.012, 5.767 
00108 ,-0.150, 0.150, 0.013, -0.012, 5.778 
00109 ,-0.150, 0.150, 0.013, -0.012, 5.790 
00110 ,-0.150, 0.150, 0.013, -0.012, 5.802 
00111 ,-0.150, 0.150, 0.013, -0.012, 5.813 
00112 ,-0.150, 0.150, 0.013, -0.012, 5.825 
00113 ,-0.150, 0.150, 0.013, -0.012, 5.837 
00114 ,-0.150, 0.150, 0.013, -0.012, 5.848 
00115 ,-0.150, 0.150, 0.013, -0.012, 5.860 
00116 ,-0.150, 0.150, 0.013, -0.012, 5.871 
00117 ,-0.150, 0.150, 0.013, -0.012, 5.882 
00118 ,-0.150, 0.150, 0.013, -0.012, 5.894 
00119 ,-0.150, 0.150, 0.013, -0.012, 5.906 
00120 ,-0.150, 0.150, 0.013, -0.012, 5.917 
00121 ,-0.150, 0.150, 0.013, -0.012, 5.929 
00122 ,-0.150, 0.150, 0.013, -0.012, 5.940 
00123 ,-0.150, 0.150, 0.013, -0.012, 5.952 
00124 ,-0.150, 0.150, 0.013, -0.012, 5.964 
00125 ,-0.150, 0.150, 0.013, -0.012, 5.975 
00126 ,-0.150, 0.150, 0.013, -0.012, 5.986 
00127 ,-0.150, 0.150, 0.013, -0.012, 5.998 
00128 ,-0.150, 0.150, 0.013, -0.012, 6.009 
00129 ,-0.150, 0.150, 0.013, -0.012, 6.021 
00130 ,-0.150, 0.150, 0.013, -0.012, 6.033 
00131 ,-0.150, 0.150, 0.013, -0.012, 6.044 
00132 ,-0.150, 0.150, 0.013, -0.012, 6.056 
00133 ,-0.150, 0.150, 0.013, -0.012, 6.067 
00134 ,-0.150, 0.150, 0.013, -0.012, 6.079 
00135 ,-0.150, 0.150, 0.013, -0.012, 6.090 
00136 ,-0.150, 0.150, 0.013, -0.012, 6.102 
00137 ,-0.150, 0.150, 0.013, -0.012, 6.113 
00138 ,-0.150, 0.150, 0.013, -0.012, 6.125 
00139 ,-0.150, 0.150, 0.013, -0.012, 6.136 
00140 ,-0.145, 0.145, 0.013, -0.012, 6.148 
00141 ,-0.140, 0.140, 0.013, -0.012, 6.160 
00142 ,-0.135, 0.135, 0.013, -0.012, 6.170 
00143 ,-0.130, 0.130, 0.013, -0.012, 6.180 
00144 ,-0.125, 0.125, 0.013, -0.012, 6.191 
00145 ,-0.120, 0.120, 0.013, -0.012, 6.199 
00146 ,-0.115, 0.115, 0.013, -0.012, 6.209 
00147 ,-0.110, 0.110, 0.013, -0.012, 6.217 
00148 ,-0.105, 0.105, 0.013, -0.012, 6.226 
00149 ,-0.100, 0.100, 0.013, -0.012, 6.233 
00150 ,-0.095, 0.095, 0.013, -0.012, 6.241 
00151 ,-0.090, 0.090, 0.013, -0.012, 6.248 
00152 ,-0.085, 0.085, 0.013, -0.012, 6.255 
00153 ,-0.080, 0.080, 0.013, -0.012, 6.261 
00154 ,-0.075, 0.075, 0.013, -0.012, 6.267 
00155 ,-0.070, 0.070, 0.013, -0.012, 6.273 
00156 ,-0.065, 0.065, 0.013, -0.012, 6.278 
00157 ,-0.060, 0.060, 0.013, -0.012, 6.283 
00158 ,-0.055, 0.055, 0.013, -0.012, 6.288 
00159 ,-0.050, 0.050, 0.013, -0.012, 6.291 
00160 ,-0.045, 0.045, 0.013, -0.012, 6.295 
00161 ,-0.040, 0.040, 0.013, -0.012, 6.298 
00162 ,-0.035, 0.035, 0.013, -0.012, 6.301 
00163 ,-0.030, 0.030, 0.013, -0.012, 6.303 
00164 ,0.000, 0.000, 0.013, -0.012, 6.306 
00000 ,0.000, 0.000, 0.013, -0.012, 6.307 
