00000 0.000000 0.000000 0.000000 0.000000 0.000000 
00000 0.000000 0.000000 0.000000 0.000000 0.000000 
00001 0.200000 0.200000 0.000000 0.000000 0.000000 
00002 0.200000 0.200000 0.000000 0.000000 0.000000 
00003 0.200000 0.200000 0.001946 0.000000 0.000000 
00004 0.200000 0.200000 0.003995 0.000000 0.000000 
00005 0.200000 0.200000 0.005942 0.000000 0.000000 
00006 0.200000 0.200000 0.007991 0.000000 0.000000 
00007 0.200000 0.200000 0.009937 0.000000 0.000000 
00008 0.200000 0.200000 0.011986 0.000000 0.000000 
00009 0.200000 0.200000 0.013933 0.000000 0.000000 
00010 0.200000 0.200000 0.015982 0.000000 0.000000 
00011 0.200000 0.200000 0.017980 0.000001 0.000394 
00012 0.200000 0.200000 0.019977 0.000001 0.000000 
00013 0.200000 0.200000 0.021975 0.000002 0.000394 
00014 0.200000 0.200000 0.023973 0.000002 0.000000 
00015 0.200000 0.200000 0.025970 0.000002 0.000394 
00016 0.200000 0.200000 0.027968 0.000002 0.000000 
00017 0.200000 0.200000 0.029966 0.000003 0.000394 
00018 0.200000 0.200000 0.031964 0.000003 0.000000 
00019 0.200000 0.200000 0.033961 0.000004 0.000394 
00020 0.200000 0.200000 0.035959 0.000004 0.000000 
00021 0.200000 0.200000 0.038008 0.000004 0.000000 
00022 0.200000 0.200000 0.039954 0.000004 0.000000 
00023 0.200000 0.200000 0.042003 0.000004 0.000000 
00024 0.200000 0.200000 0.043950 0.000004 0.000000 
00025 0.200000 0.200000 0.045999 0.000004 0.000000 
00026 0.200000 0.200000 0.047945 0.000004 0.000000 
00027 0.200000 0.200000 0.049994 0.000004 0.000000 
00028 0.200000 0.200000 0.051941 0.000004 0.000000 
00029 0.200000 0.200000 0.053990 0.000004 0.000000 
00030 0.200000 0.200000 0.055936 0.000004 0.000000 
00031 0.200000 0.200000 0.057985 0.000004 0.000000 
00032 0.200000 0.200000 0.059932 0.000004 0.000000 
00033 0.200000 0.200000 0.061981 0.000004 0.000000 
00034 0.200000 0.200000 0.063978 0.000005 0.000394 
00035 0.200000 0.200000 0.065976 0.000005 0.000000 
00036 0.200000 0.200000 0.067974 0.000006 0.000394 
00037 0.200000 0.200000 0.069972 0.000006 0.000000 
00038 0.200000 0.200000 0.071969 0.000006 0.000394 
00039 0.200000 0.200000 0.073967 0.000006 0.000000 
00040 0.200000 0.200000 0.075965 0.000007 0.000394 
00041 0.200000 0.200000 0.077962 0.000007 0.000000 
00042 0.200000 0.200000 0.079960 0.000008 0.000394 
00043 0.200000 0.200000 0.081958 0.000008 0.000000 
00044 0.200000 0.200000 0.084007 0.000008 0.000000 
00045 0.200000 0.200000 0.085953 0.000008 0.000000 
00046 0.200000 0.200000 0.088002 0.000008 0.000000 
00047 0.200000 0.200000 0.089949 0.000008 0.000000 
00048 0.200000 0.200000 0.091998 0.000008 0.000000 
00049 0.200000 0.200000 0.093944 0.000008 0.000000 
00050 0.200000 0.200000 0.095993 0.000008 0.000000 
00051 0.200000 0.200000 0.097940 0.000008 0.000000 
00052 0.200000 0.200000 0.099989 0.000008 0.000000 
00053 0.200000 0.200000 0.101935 0.000008 0.000000 
00054 0.200000 0.200000 0.103984 0.000008 0.000000 
00055 0.200000 0.200000 0.105931 0.000008 0.000000 
00056 0.200000 0.200000 0.107979 0.000008 0.000000 
00057 0.200000 0.200000 0.109977 0.000009 0.000394 
00058 0.200000 0.200000 0.111975 0.000009 0.000000 
00059 0.200000 0.200000 0.113973 0.000009 0.000394 
00060 0.200000 0.200000 0.115970 0.000009 0.000000 
00061 0.200000 0.200000 0.117968 0.000010 0.000394 
00062 0.200000 0.200000 0.119966 0.000010 0.000000 
00063 0.200000 0.200000 0.121964 0.000011 0.000394 
00064 0.200000 0.200000 0.123961 0.000011 0.000000 
00065 0.200000 0.200000 0.125959 0.000012 0.000394 
00066 0.200000 0.200000 0.127957 0.000012 0.000000 
00067 0.200000 0.200000 0.130006 0.000012 0.000000 
00068 0.200000 0.200000 0.131952 0.000012 0.000000 
00069 0.200000 0.200000 0.134001 0.000012 0.000000 
00070 0.200000 0.200000 0.135948 0.000012 0.000000 
00071 0.200000 0.200000 0.137997 0.000012 0.000000 
00072 0.200000 0.200000 0.139943 0.000012 0.000000 
00073 0.200000 0.200000 0.141992 0.000012 0.000000 
00074 0.200000 0.200000 0.143939 0.000012 0.000000 
00075 0.200000 0.200000 0.145987 0.000012 0.000000 
00076 0.200000 0.200000 0.147934 0.000012 0.000000 
00077 0.200000 0.200000 0.149983 0.000012 0.000000 
00078 0.200000 0.200000 0.151929 0.000012 0.000000 
00079 0.200000 0.200000 0.153978 0.000012 0.000000 
00080 0.200000 0.200000 0.155976 0.000013 0.000394 
00081 0.200000 0.200000 0.157974 0.000013 0.000000 
00082 0.200000 0.200000 0.159972 0.000013 0.000394 
00083 0.200000 0.200000 0.161969 0.000013 0.000000 
00084 0.200000 0.200000 0.163967 0.000014 0.000394 
00085 0.200000 0.200000 0.165965 0.000014 0.000000 
00086 0.200000 0.200000 0.167962 0.000015 0.000394 
00087 0.200000 0.200000 0.169960 0.000015 0.000000 
00088 0.200000 0.200000 0.171958 0.000016 0.000394 
00089 0.200000 0.200000 0.173956 0.000016 0.000000 
00090 0.200000 0.200000 0.176005 0.000016 0.000000 
00091 0.200000 0.200000 0.177951 0.000016 0.000000 
00092 0.200000 0.200000 0.180000 0.000016 0.000000 
00093 0.200000 0.200000 0.181946 0.000016 0.000000 
00094 0.200000 0.200000 0.183995 0.000016 0.000000 
00095 0.200000 0.200000 0.185942 0.000016 0.000000 
00096 0.200000 0.200000 0.187991 0.000016 0.000000 
00097 0.200000 0.200000 0.189937 0.000016 0.000000 
00098 0.200000 0.200000 0.191986 0.000016 0.000000 
00099 0.200000 0.200000 0.193933 0.000016 0.000000 
00100 0.200000 0.200000 0.195982 0.000016 0.000000 
00101 0.200000 0.200000 0.197928 0.000016 0.000000 
00102 0.200000 0.200000 0.199977 0.000016 0.000000 
00103 0.200000 0.200000 0.201975 0.000017 0.000394 
00104 0.200000 0.200000 0.203973 0.000017 0.000000 
00105 0.200000 0.200000 0.205970 0.000017 0.000394 
00106 0.200000 0.200000 0.207968 0.000017 0.000000 
00107 0.200000 0.200000 0.209966 0.000018 0.000394 
00108 0.200000 0.200000 0.211964 0.000018 0.000000 
00109 0.200000 0.200000 0.213961 0.000019 0.000394 
00110 0.200000 0.200000 0.215959 0.000019 0.000000 
00111 0.200000 0.200000 0.217957 0.000020 0.000394 
00112 0.200000 0.200000 0.219954 0.000020 0.000000 
00113 0.200000 0.200000 0.222003 0.000020 0.000000 
00114 0.200000 0.200000 0.223950 0.000020 0.000000 
00115 0.200000 0.200000 0.225999 0.000020 0.000000 
00116 0.200000 0.200000 0.227945 0.000020 0.000000 
00117 0.200000 0.200000 0.229994 0.000020 0.000000 
00118 0.200000 0.200000 0.231941 0.000020 0.000000 
00119 0.200000 0.200000 0.233990 0.000020 0.000000 
00120 0.200000 0.200000 0.235936 0.000020 0.000000 
00121 0.200000 0.200000 0.237985 0.000020 0.000000 
00122 0.200000 0.200000 0.239932 0.000020 0.000000 
00123 0.200000 0.200000 0.241981 0.000020 0.000000 
00124 0.200000 0.200000 0.243927 0.000020 0.000000 
00125 0.200000 0.200000 0.245976 0.000020 0.000000 
00126 0.200000 0.200000 0.247974 0.000020 0.000394 
00127 0.200000 0.200000 0.249971 0.000020 0.000000 
00128 0.200000 0.200000 0.253967 0.000020 0.000000 
00129 0.200000 0.200000 0.255965 0.000021 0.000394 
00130 0.200000 0.200000 0.257962 0.000021 0.000000 
00131 0.200000 0.200000 0.259960 0.000022 0.000394 
00132 0.200000 0.200000 0.261958 0.000022 0.000000 
00133 0.200000 0.200000 0.263956 0.000023 0.000394 
00134 0.200000 0.200000 0.265953 0.000023 0.000000 
00135 0.200000 0.200000 0.268002 0.000023 0.000000 
00136 0.200000 0.200000 0.269949 0.000023 0.000000 
00137 0.200000 0.200000 0.271998 0.000023 0.000000 
00138 0.200000 0.200000 0.273944 0.000023 0.000000 
00139 0.200000 0.200000 0.275993 0.000023 0.000000 
00140 0.200000 0.200000 0.277940 0.000023 0.000000 
00141 0.200000 0.200000 0.279989 0.000023 0.000000 
00142 0.200000 0.200000 0.281935 0.000023 0.000000 
00143 0.200000 0.200000 0.283984 0.000023 0.000000 
00144 0.200000 0.200000 0.285931 0.000023 0.000000 
00145 0.200000 0.200000 0.287979 0.000023 0.000000 
00146 0.200000 0.200000 0.289926 0.000023 0.000000 
00147 0.200000 0.200000 0.291975 0.000023 0.000000 
00148 0.200000 0.200000 0.293973 0.000024 0.000394 
00149 0.200000 0.200000 0.295970 0.000024 0.000000 
00150 0.200000 0.200000 0.297968 0.000024 0.000394 
00151 0.200000 0.200000 0.299966 0.000024 0.000000 
00152 0.200000 0.200000 0.301964 0.000025 0.000394 
00153 0.200000 0.200000 0.303961 0.000025 0.000000 
00154 0.200000 0.200000 0.305959 0.000026 0.000394 
00155 0.200000 0.200000 0.307957 0.000026 0.000000 
00156 0.200000 0.200000 0.309954 0.000027 0.000394 
00157 0.200000 0.200000 0.311952 0.000027 0.000000 
00158 0.200000 0.200000 0.314001 0.000027 0.000000 
00159 0.200000 0.200000 0.315948 0.000027 0.000000 
00160 0.200000 0.200000 0.317997 0.000027 0.000000 
00161 0.200000 0.200000 0.319943 0.000027 0.000000 
00162 0.200000 0.200000 0.321992 0.000027 0.000000 
00163 0.200000 0.200000 0.323938 0.000027 0.000000 
00164 0.200000 0.200000 0.325987 0.000027 0.000000 
00165 0.200000 0.200000 0.327934 0.000027 0.000000 
00166 0.200000 0.200000 0.329983 0.000027 0.000000 
00167 0.200000 0.200000 0.331929 0.000027 0.000000 
00168 0.200000 0.200000 0.333978 0.000027 0.000000 
00169 0.200000 0.200000 0.335925 0.000027 0.000000 
00170 0.200000 0.200000 0.337974 0.000027 0.000000 
00171 0.200000 0.200000 0.339971 0.000028 0.000394 
00172 0.200000 0.200000 0.341969 0.000028 0.000000 
00173 0.200000 0.200000 0.343967 0.000028 0.000394 
00174 0.200000 0.200000 0.345965 0.000028 0.000000 
00175 0.200000 0.200000 0.347962 0.000029 0.000394 
00176 0.200000 0.200000 0.349960 0.000029 0.000000 
00177 0.200000 0.200000 0.351958 0.000030 0.000394 
00178 0.200000 0.200000 0.353956 0.000030 0.000000 
00179 0.200000 0.200000 0.355953 0.000031 0.000394 
00180 0.200000 0.200000 0.357951 0.000031 0.000000 
00181 0.200000 0.200000 0.360000 0.000031 0.000000 
00182 0.200000 0.200000 0.361946 0.000031 0.000000 
00183 0.200000 0.200000 0.363995 0.000031 0.000000 
00184 0.200000 0.200000 0.365942 0.000031 0.000000 
00185 0.200000 0.200000 0.367991 0.000031 0.000000 
00186 0.200000 0.200000 0.369937 0.000031 0.000000 
00187 0.200000 0.200000 0.371986 0.000031 0.000000 
00188 0.200000 0.200000 0.373933 0.000031 0.000000 
00189 0.200000 0.200000 0.375982 0.000031 0.000000 
00190 0.200000 0.200000 0.377928 0.000031 0.000000 
00191 0.200000 0.200000 0.379977 0.000031 0.000000 
00192 0.200000 0.200000 0.381924 0.000031 0.000000 
00193 0.200000 0.200000 0.383973 0.000031 0.000000 
00194 0.200000 0.200000 0.385970 0.000031 0.000394 
00195 0.200000 0.200000 0.387968 0.000031 0.000000 
00196 0.200000 0.200000 0.389966 0.000032 0.000394 
00197 0.200000 0.200000 0.391964 0.000032 0.000000 
00198 0.200000 0.200000 0.393961 0.000033 0.000394 
00199 0.200000 0.200000 0.395959 0.000033 0.000000 
00200 0.200000 0.200000 0.397957 0.000034 0.000394 
00201 0.200000 0.200000 0.399954 0.000034 0.000000 
00202 0.200000 0.200000 0.401952 0.000035 0.000394 
00203 0.200000 0.200000 0.403950 0.000035 0.000000 
00204 0.200000 0.200000 0.405999 0.000035 0.000000 
00205 0.200000 0.200000 0.407945 0.000035 0.000000 
00206 0.200000 0.200000 0.409994 0.000035 0.000000 
00207 0.200000 0.200000 0.411941 0.000035 0.000000 
00208 0.200000 0.200000 0.413990 0.000035 0.000000 
00209 0.200000 0.200000 0.415936 0.000035 0.000000 
00210 0.200000 0.200000 0.417985 0.000035 0.000000 
00211 0.200000 0.200000 0.419932 0.000035 0.000000 
00212 0.200000 0.200000 0.421981 0.000035 0.000000 
00213 0.200000 0.200000 0.423927 0.000035 0.000000 
00214 0.200000 0.200000 0.425976 0.000035 0.000000 
00215 0.200000 0.200000 0.427923 0.000035 0.000000 
00216 0.200000 0.200000 0.429971 0.000035 0.000000 
00217 0.200000 0.200000 0.431969 0.000035 0.000394 
00218 0.200000 0.200000 0.433967 0.000035 0.000000 
00219 0.200000 0.200000 0.435965 0.000036 0.000394 
00220 0.200000 0.200000 0.437962 0.000036 0.000000 
00221 0.200000 0.200000 0.439960 0.000037 0.000394 
00222 0.200000 0.200000 0.441958 0.000037 0.000000 
00223 0.200000 0.200000 0.443956 0.000038 0.000394 
00224 0.200000 0.200000 0.445953 0.000038 0.000000 
00225 0.200000 0.200000 0.447951 0.000039 0.000394 
00226 0.200000 0.200000 0.449949 0.000039 0.000000 
00227 0.200000 0.200000 0.451998 0.000039 0.000000 
00228 0.200000 0.200000 0.453944 0.000039 0.000000 
00229 0.200000 0.200000 0.457940 0.000039 0.000000 
00230 0.200000 0.200000 0.459989 0.000039 0.000000 
00231 0.200000 0.200000 0.461935 0.000039 0.000000 
00232 0.200000 0.200000 0.463984 0.000039 0.000000 
00233 0.200000 0.200000 0.465930 0.000039 0.000000 
00234 0.200000 0.200000 0.467979 0.000039 0.000000 
00235 0.200000 0.200000 0.469926 0.000039 0.000000 
00236 0.200000 0.200000 0.471975 0.000039 0.000000 
00237 0.200000 0.200000 0.473921 0.000039 0.000000 
00238 0.200000 0.200000 0.475970 0.000039 0.000000 
00239 0.200000 0.200000 0.477968 0.000039 0.000394 
00240 0.200000 0.200000 0.479966 0.000039 0.000000 
00241 0.200000 0.200000 0.481963 0.000040 0.000394 
00242 0.200000 0.200000 0.483961 0.000040 0.000000 
00243 0.200000 0.200000 0.485959 0.000041 0.000394 
00244 0.200000 0.200000 0.487957 0.000041 0.000000 
00245 0.200000 0.200000 0.489954 0.000042 0.000394 
00246 0.200000 0.200000 0.491952 0.000042 0.000000 
00247 0.200000 0.200000 0.493950 0.000043 0.000394 
00248 0.200000 0.200000 0.495948 0.000043 0.000000 
00249 0.200000 0.200000 0.497996 0.000043 0.000000 
00250 0.200000 0.200000 0.499943 0.000043 0.000000 
00251 0.200000 0.200000 0.501992 0.000043 0.000000 
00252 0.200000 0.200000 0.503938 0.000043 0.000000 
00253 0.200000 0.200000 0.505987 0.000043 0.000000 
00254 0.200000 0.200000 0.507934 0.000043 0.000000 
00255 0.200000 0.200000 0.509983 0.000043 0.000000 
00256 0.200000 0.200000 0.511929 0.000043 0.000000 
00257 0.200000 0.200000 0.513978 0.000043 0.000000 
00258 0.200000 0.200000 0.515925 0.000043 0.000000 
00259 0.200000 0.200000 0.517974 0.000043 0.000000 
00260 0.200000 0.200000 0.519920 0.000043 0.000000 
00261 0.200000 0.200000 0.521969 0.000043 0.000000 
00262 0.200000 0.200000 0.523967 0.000043 0.000394 
00263 0.200000 0.200000 0.525965 0.000043 0.000000 
00264 0.200000 0.200000 0.527962 0.000044 0.000394 
00265 0.200000 0.200000 0.529960 0.000044 0.000000 
00266 0.200000 0.200000 0.531958 0.000045 0.000394 
00267 0.200000 0.200000 0.533956 0.000045 0.000000 
00268 0.200000 0.200000 0.535953 0.000046 0.000394 
00269 0.200000 0.200000 0.537951 0.000046 0.000000 
00270 0.200000 0.200000 0.539949 0.000046 0.000394 
00271 0.200000 0.200000 0.541946 0.000046 0.000000 
00272 0.200000 0.200000 0.543995 0.000046 0.000000 
00273 0.200000 0.200000 0.545942 0.000046 0.000000 
00274 0.200000 0.200000 0.547991 0.000046 0.000000 
00275 0.200000 0.200000 0.549937 0.000046 0.000000 
00276 0.200000 0.200000 0.551986 0.000046 0.000000 
00277 0.200000 0.200000 0.553933 0.000046 0.000000 
00278 0.200000 0.200000 0.555982 0.000046 0.000000 
00279 0.200000 0.200000 0.557928 0.000046 0.000000 
00280 0.200000 0.200000 0.559977 0.000046 0.000000 
00281 0.200000 0.200000 0.561924 0.000046 0.000000 
00282 0.200000 0.200000 0.563973 0.000046 0.000000 
00283 0.200000 0.200000 0.565919 0.000046 0.000000 
00284 0.200000 0.200000 0.567968 0.000046 0.000000 
00285 0.200000 0.200000 0.569966 0.000047 0.000394 
00286 0.200000 0.200000 0.571963 0.000047 0.000000 
00287 0.200000 0.200000 0.573961 0.000048 0.000394 
00288 0.200000 0.200000 0.575959 0.000048 0.000000 
00289 0.200000 0.200000 0.577957 0.000049 0.000394 
00290 0.200000 0.200000 0.579954 0.000049 0.000000 
00291 0.200000 0.200000 0.581952 0.000050 0.000394 
00292 0.200000 0.200000 0.583950 0.000050 0.000000 
00293 0.200000 0.200000 0.585948 0.000050 0.000394 
00294 0.200000 0.200000 0.587945 0.000050 0.000000 
00295 0.200000 0.200000 0.589994 0.000050 0.000000 
00296 0.200000 0.200000 0.591941 0.000050 0.000000 
00297 0.200000 0.200000 0.593990 0.000050 0.000000 
00298 0.200000 0.200000 0.595936 0.000050 0.000000 
00299 0.200000 0.200000 0.597985 0.000050 0.000000 
00300 0.200000 0.200000 0.599932 0.000050 0.000000 
00301 0.200000 0.200000 0.601981 0.000050 0.000000 
00302 0.200000 0.200000 0.603927 0.000050 0.000000 
00303 0.200000 0.200000 0.605976 0.000050 0.000000 
00304 0.200000 0.200000 0.607922 0.000050 0.000000 
00305 0.200000 0.200000 0.609971 0.000050 0.000000 
00306 0.200000 0.200000 0.611918 0.000050 0.000000 
00307 0.200000 0.200000 0.613967 0.000050 0.000000 
00308 0.200000 0.200000 0.615965 0.000051 0.000394 
00309 0.200000 0.200000 0.617962 0.000051 0.000000 
00310 0.200000 0.200000 0.619960 0.000052 0.000394 
00311 0.200000 0.200000 0.621958 0.000052 0.000000 
00312 0.200000 0.200000 0.623955 0.000053 0.000394 
00313 0.200000 0.200000 0.625953 0.000053 0.000000 
00314 0.200000 0.200000 0.627951 0.000054 0.000394 
00315 0.200000 0.200000 0.629949 0.000054 0.000000 
00316 0.200000 0.200000 0.631946 0.000054 0.000394 
00317 0.200000 0.200000 0.633944 0.000054 0.000000 
00318 0.200000 0.200000 0.635993 0.000054 0.000000 
00319 0.200000 0.200000 0.637940 0.000054 0.000000 
00320 0.200000 0.200000 0.639988 0.000054 0.000000 
00321 0.200000 0.200000 0.641935 0.000054 0.000000 
00322 0.200000 0.200000 0.643984 0.000054 0.000000 
00323 0.200000 0.200000 0.645930 0.000054 0.000000 
00324 0.200000 0.200000 0.647979 0.000054 0.000000 
00325 0.200000 0.200000 0.649926 0.000054 0.000000 
00326 0.200000 0.200000 0.651975 0.000054 0.000000 
00327 0.200000 0.200000 0.653921 0.000054 0.000000 
00328 0.200000 0.200000 0.655970 0.000054 0.000000 
00329 0.200000 0.200000 0.657917 0.000054 0.000000 
00330 0.200000 0.200000 0.659966 0.000054 0.000000 
00331 0.200000 0.200000 0.661963 0.000055 0.000394 
00332 0.200000 0.200000 0.663961 0.000055 0.000000 
00333 0.200000 0.200000 0.665959 0.000056 0.000394 
00334 0.200000 0.200000 0.667957 0.000056 0.000000 
00335 0.200000 0.200000 0.669954 0.000057 0.000394 
00336 0.200000 0.200000 0.671952 0.000057 0.000000 
00337 0.200000 0.200000 0.673950 0.000057 0.000394 
00338 0.200000 0.200000 0.675947 0.000057 0.000000 
00339 0.200000 0.200000 0.677945 0.000058 0.000394 
00340 0.200000 0.200000 0.679943 0.000058 0.000000 
00341 0.200000 0.200000 0.681992 0.000058 0.000000 
00342 0.200000 0.200000 0.683938 0.000058 0.000000 
00343 0.200000 0.200000 0.685987 0.000058 0.000000 
00344 0.200000 0.200000 0.687934 0.000058 0.000000 
00345 0.200000 0.200000 0.689983 0.000058 0.000000 
00346 0.200000 0.200000 0.691929 0.000058 0.000000 
00347 0.200000 0.200000 0.693978 0.000058 0.000000 
00348 0.200000 0.200000 0.695925 0.000058 0.000000 
00349 0.200000 0.200000 0.697974 0.000058 0.000000 
00350 0.200000 0.200000 0.699920 0.000058 0.000000 
00351 0.200000 0.200000 0.701969 0.000058 0.000000 
00352 0.200000 0.200000 0.703916 0.000058 0.000000 
00353 0.200000 0.200000 0.705965 0.000058 0.000000 
00354 0.200000 0.200000 0.707962 0.000059 0.000394 
00355 0.200000 0.200000 0.709960 0.000059 0.000000 
00356 0.200000 0.200000 0.711958 0.000060 0.000394 
00357 0.200000 0.200000 0.713955 0.000060 0.000000 
00358 0.200000 0.200000 0.715953 0.000061 0.000394 
00359 0.200000 0.200000 0.717951 0.000061 0.000000 
00360 0.200000 0.200000 0.719949 0.000061 0.000394 
00361 0.200000 0.200000 0.721946 0.000061 0.000000 
00362 0.200000 0.200000 0.723944 0.000062 0.000394 
00363 0.200000 0.200000 0.725942 0.000062 0.000000 
00364 0.200000 0.200000 0.727991 0.000062 0.000000 
00365 0.200000 0.200000 0.729937 0.000062 0.000000 
00366 0.200000 0.200000 0.731986 0.000062 0.000000 
00367 0.200000 0.200000 0.733933 0.000062 0.000000 
00368 0.200000 0.200000 0.735982 0.000062 0.000000 
00369 0.200000 0.200000 0.737928 0.000062 0.000000 
00370 0.200000 0.200000 0.739977 0.000062 0.000000 
00371 0.200000 0.200000 0.741924 0.000062 0.000000 
00372 0.200000 0.200000 0.743973 0.000062 0.000000 
00373 0.200000 0.200000 0.745919 0.000062 0.000000 
00374 0.200000 0.200000 0.747968 0.000062 0.000000 
00375 0.200000 0.200000 0.749914 0.000062 0.000000 
00376 0.200000 0.200000 0.751963 0.000062 0.000000 
00377 0.200000 0.200000 0.753961 0.000063 0.000394 
00378 0.200000 0.200000 0.755959 0.000063 0.000000 
00379 0.200000 0.200000 0.757957 0.000064 0.000394 
00380 0.200000 0.200000 0.759954 0.000064 0.000000 
00381 0.200000 0.200000 0.761952 0.000065 0.000394 
00382 0.200000 0.200000 0.763950 0.000065 0.000000 
00383 0.200000 0.200000 0.765948 0.000065 0.000394 
00384 0.200000 0.200000 0.767945 0.000065 0.000000 
00385 0.200000 0.200000 0.769943 0.000066 0.000394 
00386 0.200000 0.200000 0.771941 0.000066 0.000000 
00387 0.200000 0.200000 0.773990 0.000066 0.000000 
00388 0.200000 0.200000 0.775936 0.000066 0.000000 
00389 0.200000 0.200000 0.777985 0.000066 0.000000 
00390 0.200000 0.200000 0.779932 0.000066 0.000000 
00391 0.200000 0.200000 0.781981 0.000066 0.000000 
00392 0.200000 0.200000 0.783927 0.000066 0.000000 
00393 0.200000 0.200000 0.785976 0.000066 0.000000 
00394 0.200000 0.200000 0.787922 0.000066 0.000000 
00395 0.200000 0.200000 0.789971 0.000066 0.000000 
00396 0.200000 0.200000 0.791918 0.000066 0.000000 
00397 0.200000 0.200000 0.793967 0.000066 0.000000 
00398 0.200000 0.200000 0.795913 0.000066 0.000000 
00399 0.200000 0.200000 0.797962 0.000066 0.000000 
00400 0.200000 0.200000 0.799960 0.000067 0.000394 
00401 0.200000 0.200000 0.801958 0.000067 0.000000 
00402 0.200000 0.200000 0.803955 0.000068 0.000394 
00403 0.200000 0.200000 0.805953 0.000068 0.000000 
00404 0.200000 0.200000 0.807951 0.000068 0.000394 
00405 0.200000 0.200000 0.809949 0.000068 0.000000 
00406 0.200000 0.200000 0.811946 0.000069 0.000394 
00407 0.200000 0.200000 0.813944 0.000069 0.000000 
00408 0.200000 0.200000 0.815942 0.000070 0.000394 
00409 0.200000 0.200000 0.817940 0.000070 0.000000 
00410 0.200000 0.200000 0.819988 0.000070 0.000000 
00411 0.200000 0.200000 0.821935 0.000070 0.000000 
00412 0.200000 0.200000 0.823984 0.000070 0.000000 
00413 0.200000 0.200000 0.825930 0.000070 0.000000 
00414 0.200000 0.200000 0.827979 0.000070 0.000000 
00415 0.200000 0.200000 0.829926 0.000070 0.000000 
00416 0.200000 0.200000 0.831975 0.000070 0.000000 
00417 0.200000 0.200000 0.833921 0.000070 0.000000 
00418 0.200000 0.200000 0.835970 0.000070 0.000000 
00419 0.200000 0.200000 0.837917 0.000070 0.000000 
00420 0.200000 0.200000 0.839966 0.000070 0.000000 
00421 0.200000 0.200000 0.841912 0.000070 0.000000 
00422 0.200000 0.200000 0.843961 0.000070 0.000000 
00423 0.200000 0.200000 0.845959 0.000071 0.000394 
00424 0.200000 0.200000 0.847957 0.000071 0.000000 
00425 0.200000 0.200000 0.849954 0.000072 0.000394 
00426 0.200000 0.200000 0.851952 0.000072 0.000000 
00427 0.200000 0.200000 0.853950 0.000072 0.000394 
00428 0.200000 0.200000 0.855947 0.000072 0.000000 
00429 0.200000 0.200000 0.857945 0.000073 0.000394 
00430 0.200000 0.200000 0.859943 0.000073 0.000000 
00431 0.200000 0.200000 0.861941 0.000074 0.000394 
00432 0.200000 0.200000 0.863938 0.000074 0.000000 
00433 0.200000 0.200000 0.865987 0.000074 0.000000 
00434 0.200000 0.200000 0.867934 0.000074 0.000000 
00435 0.200000 0.200000 0.869983 0.000074 0.000000 
00436 0.200000 0.200000 0.871929 0.000074 0.000000 
00437 0.200000 0.200000 0.873978 0.000074 0.000000 
00438 0.200000 0.200000 0.875925 0.000074 0.000000 
00439 0.200000 0.200000 0.877974 0.000074 0.000000 
00440 0.200000 0.200000 0.879920 0.000074 0.000000 
00441 0.200000 0.200000 0.881969 0.000074 0.000000 
00442 0.200000 0.200000 0.883916 0.000074 0.000000 
00443 0.200000 0.200000 0.885965 0.000074 0.000000 
00444 0.200000 0.200000 0.887911 0.000074 0.000000 
00445 0.200000 0.200000 0.889960 0.000074 0.000000 
00446 0.200000 0.200000 0.891958 0.000075 0.000394 
00447 0.200000 0.200000 0.893955 0.000075 0.000000 
00448 0.200000 0.200000 0.895953 0.000076 0.000394 
00449 0.200000 0.200000 0.897951 0.000076 0.000000 
00450 0.200000 0.200000 0.899949 0.000076 0.000394 
00451 0.200000 0.200000 0.901946 0.000076 0.000000 
00452 0.200000 0.200000 0.903944 0.000077 0.000394 
00453 0.200000 0.200000 0.905942 0.000077 0.000000 
00454 0.200000 0.200000 0.907939 0.000078 0.000394 
00455 0.200000 0.200000 0.909937 0.000078 0.000000 
00456 0.200000 0.200000 0.911986 0.000078 0.000000 
00457 0.200000 0.200000 0.913933 0.000078 0.000000 
00458 0.200000 0.200000 0.915982 0.000078 0.000000 
00459 0.200000 0.200000 0.917928 0.000078 0.000000 
00460 0.200000 0.200000 0.919977 0.000078 0.000000 
00461 0.200000 0.200000 0.921924 0.000078 0.000000 
00462 0.200000 0.200000 0.923972 0.000078 0.000000 
00463 0.200000 0.200000 0.925919 0.000078 0.000000 
00464 0.200000 0.200000 0.927968 0.000078 0.000000 
00465 0.200000 0.200000 0.929914 0.000078 0.000000 
00466 0.200000 0.200000 0.931963 0.000078 0.000000 
00467 0.200000 0.200000 0.933910 0.000078 0.000000 
00468 0.200000 0.200000 0.935959 0.000078 0.000000 
00469 0.200000 0.200000 0.937957 0.000079 0.000394 
00470 0.200000 0.200000 0.939954 0.000079 0.000000 
00471 0.200000 0.200000 0.941952 0.000080 0.000394 
00472 0.200000 0.200000 0.943950 0.000080 0.000000 
00473 0.200000 0.200000 0.945947 0.000080 0.000394 
00474 0.200000 0.200000 0.947945 0.000080 0.000000 
00475 0.200000 0.200000 0.949943 0.000081 0.000394 
00476 0.200000 0.200000 0.951941 0.000081 0.000000 
00477 0.200000 0.200000 0.953938 0.000082 0.000394 
00478 0.200000 0.200000 0.955936 0.000082 0.000000 
00479 0.200000 0.200000 0.957985 0.000082 0.000000 
00480 0.200000 0.200000 0.959932 0.000082 0.000000 
00481 0.200000 0.200000 0.961980 0.000082 0.000000 
00482 0.200000 0.200000 0.963927 0.000082 0.000000 
00483 0.200000 0.200000 0.965976 0.000082 0.000000 
00484 0.200000 0.200000 0.967922 0.000082 0.000000 
00485 0.200000 0.200000 0.969971 0.000082 0.000000 
00486 0.200000 0.200000 0.971918 0.000082 0.000000 
00487 0.200000 0.200000 0.973967 0.000082 0.000000 
00488 0.200000 0.200000 0.975913 0.000082 0.000000 
00489 0.200000 0.200000 0.977962 0.000082 0.000000 
00490 0.200000 0.200000 0.979909 0.000082 0.000000 
00491 0.200000 0.200000 0.981958 0.000082 0.000000 
00492 0.200000 0.200000 0.983955 0.000083 0.000394 
00493 0.200000 0.200000 0.985953 0.000083 0.000000 
00494 0.200000 0.200000 0.987951 0.000083 0.000394 
00495 0.200000 0.200000 0.989949 0.000083 0.000000 
00496 0.200000 0.200000 0.991946 0.000084 0.000394 
00497 0.200000 0.200000 0.993944 0.000084 0.000000 
00498 0.200000 0.200000 0.995942 0.000085 0.000394 
00499 0.200000 0.200000 0.997939 0.000085 0.000000 
00500 0.200000 0.200000 0.999937 0.000086 0.000394 
00501 0.200000 0.200000 1.001935 0.000086 0.000000 
00502 0.200000 0.200000 1.003984 0.000086 0.000000 
00503 0.200000 0.200000 1.005930 0.000086 0.000000 
00504 0.200000 0.200000 1.007979 0.000086 0.000000 
00505 0.200000 0.200000 1.009926 0.000086 0.000000 
00506 0.200000 0.200000 1.011975 0.000086 0.000000 
00507 0.200000 0.200000 1.013921 0.000086 0.000000 
00508 0.200000 0.200000 1.015970 0.000086 0.000000 
00509 0.200000 0.200000 1.017917 0.000086 0.000000 
00510 0.200000 0.200000 1.019966 0.000086 0.000000 
00511 0.200000 0.200000 1.021912 0.000086 0.000000 
00512 0.200000 0.200000 1.023961 0.000086 0.000000 
00513 0.200000 0.200000 1.025908 0.000086 0.000000 
00514 0.200000 0.200000 1.027957 0.000086 0.000000 
00515 0.200000 0.200000 1.029954 0.000087 0.000394 
00516 0.200000 0.200000 1.031952 0.000087 0.000000 
00517 0.200000 0.200000 1.033950 0.000087 0.000394 
00518 0.200000 0.200000 1.035947 0.000087 0.000000 
00519 0.200000 0.200000 1.037945 0.000088 0.000394 
00520 0.200000 0.200000 1.039943 0.000088 0.000000 
00521 0.200000 0.200000 1.041941 0.000089 0.000394 
00522 0.200000 0.200000 1.043938 0.000089 0.000000 
00523 0.200000 0.200000 1.045936 0.000090 0.000394 
00524 0.200000 0.200000 1.047934 0.000090 0.000000 
00525 0.200000 0.200000 1.049983 0.000090 0.000000 
00526 0.200000 0.200000 1.051929 0.000090 0.000000 
00527 0.200000 0.200000 1.053978 0.000090 0.000000 
00528 0.200000 0.200000 1.055925 0.000090 0.000000 
00529 0.200000 0.200000 1.057974 0.000090 0.000000 
00530 0.200000 0.200000 1.059920 0.000090 0.000000 
00531 0.200000 0.200000 1.061969 0.000090 0.000000 
00532 0.200000 0.200000 1.063916 0.000090 0.000000 
00533 0.200000 0.200000 1.065964 0.000090 0.000000 
00534 0.200000 0.200000 1.067911 0.000090 0.000000 
00535 0.200000 0.200000 1.069960 0.000090 0.000000 
00536 0.200000 0.200000 1.071906 0.000090 0.000000 
00537 0.200000 0.200000 1.073955 0.000090 0.000000 
00538 0.200000 0.200000 1.075953 0.000091 0.000394 
00539 0.200000 0.200000 1.077951 0.000091 0.000000 
00540 0.200000 0.200000 1.079949 0.000091 0.000394 
00541 0.200000 0.200000 1.081946 0.000091 0.000000 
00542 0.200000 0.200000 1.083944 0.000092 0.000394 
00543 0.200000 0.200000 1.085942 0.000092 0.000000 
00544 0.200000 0.200000 1.087940 0.000093 0.000394 
00545 0.200000 0.200000 1.089937 0.000093 0.000000 
00546 0.200000 0.200000 1.091935 0.000094 0.000394 
00547 0.200000 0.200000 1.093933 0.000094 0.000000 
00548 0.200000 0.200000 1.095982 0.000094 0.000000 
00549 0.200000 0.200000 1.097928 0.000094 0.000000 
00550 0.200000 0.200000 1.099977 0.000094 0.000000 
00551 0.200000 0.200000 1.101924 0.000094 0.000000 
00552 0.200000 0.200000 1.103972 0.000094 0.000000 
00553 0.200000 0.200000 1.105919 0.000094 0.000000 
00554 0.200000 0.200000 1.107968 0.000094 0.000000 
00555 0.200000 0.200000 1.109914 0.000094 0.000000 
00556 0.200000 0.200000 1.111963 0.000094 0.000000 
00557 0.200000 0.200000 1.113910 0.000094 0.000000 
00558 0.200000 0.200000 1.115959 0.000094 0.000000 
00559 0.200000 0.200000 1.117905 0.000094 0.000000 
00560 0.200000 0.200000 1.119954 0.000094 0.000000 
00561 0.200000 0.200000 1.121952 0.000094 0.000394 
00562 0.200000 0.200000 1.123950 0.000094 0.000000 
00563 0.200000 0.200000 1.125947 0.000095 0.000394 
00564 0.200000 0.200000 1.127945 0.000095 0.000000 
00565 0.200000 0.200000 1.129943 0.000096 0.000394 
00566 0.200000 0.200000 1.131941 0.000096 0.000000 
00567 0.200000 0.200000 1.133938 0.000097 0.000394 
00568 0.200000 0.200000 1.135936 0.000097 0.000000 
00569 0.200000 0.200000 1.137934 0.000098 0.000394 
00570 0.200000 0.200000 1.139931 0.000098 0.000000 
00571 0.200000 0.200000 1.141980 0.000098 0.000000 
00572 0.200000 0.200000 1.143927 0.000098 0.000000 
00573 0.200000 0.200000 1.145976 0.000098 0.000000 
00574 0.200000 0.200000 1.147922 0.000098 0.000000 
00575 0.200000 0.200000 1.149971 0.000098 0.000000 
00576 0.200000 0.200000 1.151918 0.000098 0.000000 
00577 0.200000 0.200000 1.153967 0.000098 0.000000 
00578 0.200000 0.200000 1.155913 0.000098 0.000000 
00579 0.200000 0.200000 1.157962 0.000098 0.000000 
00580 0.200000 0.200000 1.159909 0.000098 0.000000 
00581 0.200000 0.200000 1.161958 0.000098 0.000000 
00582 0.200000 0.200000 1.163904 0.000098 0.000000 
00583 0.200000 0.200000 1.165953 0.000098 0.000000 
00584 0.200000 0.200000 1.167951 0.000098 0.000394 
00585 0.200000 0.200000 1.169949 0.000098 0.000000 
00586 0.200000 0.200000 1.171946 0.000099 0.000394 
00587 0.200000 0.200000 1.173944 0.000099 0.000000 
00588 0.200000 0.200000 1.175942 0.000100 0.000394 
00589 0.200000 0.200000 1.177939 0.000100 0.000000 
00590 0.200000 0.200000 1.179937 0.000101 0.000394 
00591 0.200000 0.200000 1.181935 0.000101 0.000000 
00592 0.200000 0.200000 1.183933 0.000102 0.000394 
00593 0.200000 0.200000 1.185930 0.000102 0.000000 
00594 0.200000 0.200000 1.187979 0.000102 0.000000 
00595 0.200000 0.200000 1.189926 0.000102 0.000000 
00596 0.200000 0.200000 1.191975 0.000102 0.000000 
00597 0.200000 0.200000 1.193921 0.000102 0.000000 
00598 0.200000 0.200000 1.195970 0.000102 0.000000 
00599 0.200000 0.200000 1.197917 0.000102 0.000000 
00600 0.200000 0.200000 1.199966 0.000102 0.000000 
00601 0.200000 0.200000 1.201912 0.000102 0.000000 
00602 0.200000 0.200000 1.203961 0.000102 0.000000 
00603 0.200000 0.200000 1.205908 0.000102 0.000000 
00604 0.200000 0.200000 1.207957 0.000102 0.000000 
00605 0.200000 0.200000 1.209903 0.000102 0.000000 
00606 0.200000 0.200000 1.211952 0.000102 0.000000 
00607 0.200000 0.200000 1.213950 0.000102 0.000394 
00608 0.200000 0.200000 1.215947 0.000102 0.000000 
00609 0.200000 0.200000 1.217945 0.000103 0.000394 
00610 0.200000 0.200000 1.219943 0.000103 0.000000 
00611 0.200000 0.200000 1.221941 0.000104 0.000394 
00612 0.200000 0.200000 1.223938 0.000104 0.000000 
00613 0.200000 0.200000 1.225936 0.000105 0.000394 
00614 0.200000 0.200000 1.227934 0.000105 0.000000 
00615 0.200000 0.200000 1.229931 0.000105 0.000394 
00616 0.200000 0.200000 1.231929 0.000105 0.000000 
00617 0.200000 0.200000 1.233978 0.000105 0.000000 
00618 0.200000 0.200000 1.235925 0.000105 0.000000 
00619 0.200000 0.200000 1.237974 0.000105 0.000000 
00620 0.200000 0.200000 1.239920 0.000105 0.000000 
00621 0.200000 0.200000 1.241969 0.000105 0.000000 
00622 0.200000 0.200000 1.243916 0.000105 0.000000 
00623 0.200000 0.200000 1.245965 0.000105 0.000000 
00624 0.200000 0.200000 1.247911 0.000105 0.000000 
00625 0.200000 0.200000 1.249960 0.000105 0.000000 
00626 0.200000 0.200000 1.251906 0.000105 0.000000 
00627 0.200000 0.200000 1.253955 0.000105 0.000000 
00628 0.200000 0.200000 1.255902 0.000105 0.000000 
00629 0.200000 0.200000 1.257951 0.000105 0.000000 
00630 0.200000 0.200000 1.259948 0.000106 0.000394 
00631 0.200000 0.200000 1.261946 0.000106 0.000000 
00632 0.200000 0.200000 1.263944 0.000107 0.000394 
00633 0.200000 0.200000 1.265942 0.000107 0.000000 
00634 0.200000 0.200000 1.267939 0.000108 0.000394 
00635 0.200000 0.200000 1.269937 0.000108 0.000000 
00636 0.200000 0.200000 1.271935 0.000109 0.000394 
00637 0.200000 0.200000 1.273933 0.000109 0.000000 
00638 0.200000 0.200000 1.275930 0.000109 0.000394 
00639 0.200000 0.200000 1.277928 0.000109 0.000000 
00640 0.200000 0.200000 1.279977 0.000109 0.000000 
00641 0.200000 0.200000 1.281924 0.000109 0.000000 
00642 0.200000 0.200000 1.283973 0.000109 0.000000 
00643 0.200000 0.200000 1.285919 0.000109 0.000000 
00644 0.200000 0.200000 1.287968 0.000109 0.000000 
00645 0.200000 0.200000 1.289914 0.000109 0.000000 
00646 0.200000 0.200000 1.291963 0.000109 0.000000 
00647 0.200000 0.200000 1.293910 0.000109 0.000000 
00648 0.200000 0.200000 1.295959 0.000109 0.000000 
00649 0.200000 0.200000 1.297905 0.000109 0.000000 
00650 0.200000 0.200000 1.299954 0.000109 0.000000 
00651 0.200000 0.200000 1.301901 0.000109 0.000000 
00652 0.200000 0.200000 1.303950 0.000109 0.000000 
00653 0.200000 0.200000 1.305947 0.000110 0.000394 
00654 0.200000 0.200000 1.307945 0.000110 0.000000 
00655 0.200000 0.200000 1.309943 0.000111 0.000394 
00656 0.200000 0.200000 1.311941 0.000111 0.000000 
00657 0.200000 0.200000 1.313938 0.000112 0.000394 
00658 0.200000 0.200000 1.315936 0.000112 0.000000 
00659 0.200000 0.200000 1.317934 0.000113 0.000394 
00660 0.200000 0.200000 1.319932 0.000113 0.000000 
00661 0.200000 0.200000 1.321929 0.000113 0.000394 
00662 0.200000 0.200000 1.323927 0.000113 0.000000 
00663 0.200000 0.200000 1.325976 0.000113 0.000000 
00664 0.200000 0.200000 1.327922 0.000113 0.000000 
00665 0.200000 0.200000 1.329971 0.000113 0.000000 
00666 0.200000 0.200000 1.331918 0.000113 0.000000 
00667 0.200000 0.200000 1.333967 0.000113 0.000000 
00668 0.200000 0.200000 1.335913 0.000113 0.000000 
00669 0.200000 0.200000 1.337962 0.000113 0.000000 
00670 0.200000 0.200000 1.339909 0.000113 0.000000 
00671 0.200000 0.200000 1.341958 0.000113 0.000000 
00672 0.200000 0.200000 1.343904 0.000113 0.000000 
00673 0.200000 0.200000 1.345953 0.000113 0.000000 
00674 0.200000 0.200000 1.347900 0.000113 0.000000 
00675 0.200000 0.200000 1.349949 0.000113 0.000000 
00676 0.200000 0.200000 1.351946 0.000114 0.000394 
00677 0.200000 0.200000 1.353944 0.000114 0.000000 
00678 0.200000 0.200000 1.355942 0.000115 0.000394 
00679 0.200000 0.200000 1.357939 0.000115 0.000000 
00680 0.200000 0.200000 1.359937 0.000116 0.000394 
00681 0.200000 0.200000 1.361935 0.000116 0.000000 
00682 0.200000 0.200000 1.363933 0.000116 0.000394 
00683 0.200000 0.200000 1.365930 0.000116 0.000000 
00684 0.200000 0.200000 1.367928 0.000117 0.000394 
00685 0.200000 0.200000 1.369926 0.000117 0.000000 
00686 0.200000 0.200000 1.371975 0.000117 0.000000 
00687 0.200000 0.200000 1.373921 0.000117 0.000000 
00688 0.200000 0.200000 1.375970 0.000117 0.000000 
00689 0.200000 0.200000 1.377917 0.000117 0.000000 
00690 0.200000 0.200000 1.379966 0.000117 0.000000 
00691 0.200000 0.200000 1.381912 0.000117 0.000000 
00692 0.200000 0.200000 1.383961 0.000117 0.000000 
00693 0.200000 0.200000 1.385908 0.000117 0.000000 
00694 0.200000 0.200000 1.387957 0.000117 0.000000 
00695 0.200000 0.200000 1.389903 0.000117 0.000000 
00696 0.200000 0.200000 1.391952 0.000117 0.000000 
00697 0.200000 0.200000 1.393898 0.000117 0.000000 
00698 0.200000 0.200000 1.395947 0.000117 0.000000 
00699 0.200000 0.200000 1.397894 0.000117 0.000000 
00700 0.200000 0.200000 1.399943 0.000117 0.000000 
00701 0.200000 0.200000 1.401941 0.000118 0.000394 
00702 0.200000 0.200000 1.403938 0.000118 0.000000 
00703 0.200000 0.200000 1.405936 0.000119 0.000394 
00704 0.200000 0.200000 1.407934 0.000119 0.000000 
00705 0.200000 0.200000 1.409931 0.000120 0.000394 
00706 0.200000 0.200000 1.411929 0.000120 0.000000 
00707 0.200000 0.200000 1.413927 0.000120 0.000394 
00708 0.200000 0.200000 1.415925 0.000120 0.000000 
00709 0.200000 0.200000 1.417974 0.000120 0.000000 
00710 0.200000 0.200000 1.419920 0.000120 0.000000 
00711 0.200000 0.200000 1.421969 0.000120 0.000000 
00712 0.200000 0.200000 1.423916 0.000120 0.000000 
00713 0.200000 0.200000 1.425964 0.000120 0.000000 
00714 0.200000 0.200000 1.427911 0.000120 0.000000 
00715 0.200000 0.200000 1.429960 0.000120 0.000000 
00716 0.200000 0.200000 1.431906 0.000120 0.000000 
00717 0.200000 0.200000 1.433955 0.000120 0.000000 
00718 0.200000 0.200000 1.435902 0.000120 0.000000 
00719 0.200000 0.200000 1.437951 0.000120 0.000000 
00720 0.200000 0.200000 1.439897 0.000120 0.000000 
00721 0.200000 0.200000 1.441946 0.000120 0.000000 
00722 0.200000 0.200000 1.443893 0.000120 0.000000 
00723 0.200000 0.200000 1.445942 0.000120 0.000000 
00724 0.200000 0.200000 1.447939 0.000121 0.000394 
00725 0.200000 0.200000 1.449937 0.000121 0.000000 
00726 0.200000 0.200000 1.451935 0.000122 0.000394 
00727 0.200000 0.200000 1.453933 0.000122 0.000000 
00728 0.200000 0.200000 1.455930 0.000123 0.000394 
00729 0.200000 0.200000 1.457928 0.000123 0.000000 
00730 0.200000 0.200000 1.459926 0.000124 0.000394 
00731 0.200000 0.200000 1.461923 0.000124 0.000000 
00732 0.200000 0.200000 1.463972 0.000124 0.000000 
00733 0.200000 0.200000 1.465919 0.000124 0.000000 
00734 0.200000 0.200000 1.467968 0.000124 0.000000 
00735 0.200000 0.200000 1.469914 0.000124 0.000000 
00736 0.200000 0.200000 1.471963 0.000124 0.000000 
00737 0.200000 0.200000 1.473910 0.000124 0.000000 
00738 0.200000 0.200000 1.475959 0.000124 0.000000 
00739 0.200000 0.200000 1.477905 0.000124 0.000000 
00740 0.200000 0.200000 1.479954 0.000124 0.000000 
00741 0.200000 0.200000 1.481901 0.000124 0.000000 
00742 0.200000 0.200000 1.483950 0.000124 0.000000 
00743 0.200000 0.200000 1.485896 0.000124 0.000000 
00744 0.200000 0.200000 1.487945 0.000124 0.000000 
00745 0.200000 0.200000 1.489892 0.000124 0.000000 
00746 0.200000 0.200000 1.491940 0.000124 0.000000 
00747 0.200000 0.200000 1.493938 0.000124 0.000394 
00748 0.200000 0.200000 1.495936 0.000124 0.000000 
00749 0.200000 0.200000 1.497934 0.000125 0.000394 
00750 0.200000 0.200000 1.499931 0.000125 0.000000 
00751 0.200000 0.200000 1.501929 0.000126 0.000394 
00752 0.200000 0.200000 1.503927 0.000126 0.000000 
00753 0.200000 0.200000 1.505925 0.000127 0.000394 
00754 0.200000 0.200000 1.507922 0.000127 0.000000 
00755 0.200000 0.200000 1.509971 0.000127 0.000000 
00756 0.200000 0.200000 1.511918 0.000127 0.000000 
00757 0.200000 0.200000 1.513967 0.000127 0.000000 
00758 0.200000 0.200000 1.515913 0.000127 0.000000 
00759 0.200000 0.200000 1.517962 0.000127 0.000000 
00760 0.200000 0.200000 1.519909 0.000127 0.000000 
00761 0.200000 0.200000 1.521958 0.000127 0.000000 
00762 0.200000 0.200000 1.523904 0.000127 0.000000 
00763 0.200000 0.200000 1.525953 0.000127 0.000000 
00764 0.200000 0.200000 1.527900 0.000127 0.000000 
00765 0.200000 0.200000 1.529948 0.000127 0.000000 
00766 0.200000 0.200000 1.531895 0.000127 0.000000 
00767 0.200000 0.200000 1.533944 0.000127 0.000000 
00768 0.200000 0.200000 1.535890 0.000127 0.000000 
00769 0.200000 0.200000 1.537939 0.000127 0.000000 
00770 0.200000 0.200000 1.539937 0.000128 0.000394 
00771 0.200000 0.200000 1.541935 0.000128 0.000000 
00772 0.200000 0.200000 1.543933 0.000128 0.000394 
00773 0.200000 0.200000 1.545930 0.000128 0.000000 
00774 0.200000 0.200000 1.547928 0.000129 0.000394 
00775 0.200000 0.200000 1.549926 0.000129 0.000000 
00776 0.200000 0.200000 1.551923 0.000130 0.000394 
00777 0.200000 0.200000 1.553921 0.000130 0.000000 
00778 0.200000 0.200000 1.555970 0.000130 0.000000 
00779 0.200000 0.200000 1.557917 0.000130 0.000000 
00780 0.200000 0.200000 1.559966 0.000130 0.000000 
00781 0.200000 0.200000 1.561912 0.000130 0.000000 
00782 0.200000 0.200000 1.563961 0.000130 0.000000 
00783 0.200000 0.200000 1.565907 0.000130 0.000000 
00784 0.200000 0.200000 1.567956 0.000130 0.000000 
00785 0.200000 0.200000 1.569903 0.000130 0.000000 
00786 0.200000 0.200000 1.571952 0.000130 0.000000 
00787 0.200000 0.200000 1.573898 0.000130 0.000000 
00788 0.200000 0.200000 1.575947 0.000130 0.000000 
00789 0.200000 0.200000 1.577894 0.000130 0.000000 
00790 0.200000 0.200000 1.579943 0.000130 0.000000 
00791 0.200000 0.200000 1.581889 0.000130 0.000000 
00792 0.200000 0.200000 1.583938 0.000130 0.000000 
00793 0.200000 0.200000 1.585936 0.000131 0.000394 
00794 0.200000 0.200000 1.587934 0.000131 0.000000 
00795 0.200000 0.200000 1.589931 0.000131 0.000394 
00796 0.200000 0.200000 1.591929 0.000131 0.000000 
00797 0.200000 0.200000 1.593927 0.000132 0.000394 
00798 0.200000 0.200000 1.595925 0.000132 0.000000 
00799 0.200000 0.200000 1.597922 0.000133 0.000394 
00800 0.200000 0.200000 1.599920 0.000133 0.000000 
00801 0.200000 0.200000 1.601969 0.000133 0.000000 
00802 0.200000 0.200000 1.603915 0.000133 0.000000 
00803 0.200000 0.200000 1.605964 0.000133 0.000000 
00804 0.200000 0.200000 1.607911 0.000133 0.000000 
00805 0.200000 0.200000 1.609960 0.000133 0.000000 
00806 0.200000 0.200000 1.611906 0.000133 0.000000 
00807 0.200000 0.200000 1.613955 0.000133 0.000000 
00808 0.200000 0.200000 1.615902 0.000133 0.000000 
00809 0.200000 0.200000 1.617951 0.000133 0.000000 
00810 0.200000 0.200000 1.619897 0.000133 0.000000 
00811 0.200000 0.200000 1.621946 0.000133 0.000000 
00812 0.200000 0.200000 1.623893 0.000133 0.000000 
00813 0.200000 0.200000 1.625942 0.000133 0.000000 
00814 0.200000 0.200000 1.627888 0.000133 0.000000 
00815 0.200000 0.200000 1.629937 0.000133 0.000000 
00816 0.200000 0.200000 1.631935 0.000134 0.000394 
00817 0.200000 0.200000 1.633933 0.000134 0.000000 
00818 0.200000 0.200000 1.635930 0.000135 0.000394 
00819 0.200000 0.200000 1.637928 0.000135 0.000000 
00820 0.200000 0.200000 1.639926 0.000135 0.000394 
00821 0.200000 0.200000 1.641923 0.000135 0.000000 
00822 0.200000 0.200000 1.643921 0.000136 0.000394 
00823 0.200000 0.200000 1.645919 0.000136 0.000000 
00824 0.200000 0.200000 1.647968 0.000136 0.000000 
00825 0.200000 0.200000 1.649914 0.000136 0.000000 
00826 0.200000 0.200000 1.651963 0.000136 0.000000 
00827 0.200000 0.200000 1.653910 0.000136 0.000000 
00828 0.200000 0.200000 1.655959 0.000136 0.000000 
00829 0.200000 0.200000 1.657905 0.000136 0.000000 
00830 0.200000 0.200000 1.659954 0.000136 0.000000 
00831 0.200000 0.200000 1.661901 0.000136 0.000000 
00832 0.200000 0.200000 1.663950 0.000136 0.000000 
00833 0.200000 0.200000 1.665896 0.000136 0.000000 
00834 0.200000 0.200000 1.667945 0.000136 0.000000 
00835 0.200000 0.200000 1.669892 0.000136 0.000000 
00836 0.200000 0.200000 1.671940 0.000136 0.000000 
00837 0.200000 0.200000 1.673887 0.000136 0.000000 
00838 0.200000 0.200000 1.675936 0.000136 0.000000 
00839 0.200000 0.200000 1.677934 0.000137 0.000394 
00840 0.200000 0.200000 1.679931 0.000137 0.000000 
00841 0.200000 0.200000 1.681929 0.000138 0.000394 
00842 0.200000 0.200000 1.683927 0.000138 0.000000 
00843 0.200000 0.200000 1.685925 0.000139 0.000394 
00844 0.200000 0.200000 1.687922 0.000139 0.000000 
00845 0.200000 0.200000 1.689920 0.000139 0.000394 
00846 0.200000 0.200000 1.691918 0.000139 0.000000 
00847 0.200000 0.200000 1.693967 0.000139 0.000000 
00848 0.200000 0.200000 1.695913 0.000139 0.000000 
00849 0.200000 0.200000 1.697962 0.000139 0.000000 
00850 0.200000 0.200000 1.699909 0.000139 0.000000 
00851 0.200000 0.200000 1.701958 0.000139 0.000000 
00852 0.200000 0.200000 1.703904 0.000139 0.000000 
00853 0.200000 0.200000 1.705953 0.000139 0.000000 
00854 0.200000 0.200000 1.707900 0.000139 0.000000 
00855 0.200000 0.200000 1.709948 0.000139 0.000000 
00856 0.200000 0.200000 1.711895 0.000139 0.000000 
00857 0.200000 0.200000 1.713944 0.000139 0.000000 
00858 0.200000 0.200000 1.715890 0.000139 0.000000 
00859 0.200000 0.200000 1.717939 0.000139 0.000000 
00860 0.200000 0.200000 1.719886 0.000139 0.000000 
00861 0.200000 0.200000 1.721935 0.000139 0.000000 
00862 0.200000 0.200000 1.723933 0.000140 0.000394 
00863 0.200000 0.200000 1.725930 0.000140 0.000000 
00864 0.200000 0.200000 1.727928 0.000141 0.000394 
00865 0.200000 0.200000 1.729926 0.000141 0.000000 
00866 0.200000 0.200000 1.731923 0.000142 0.000394 
00867 0.200000 0.200000 1.733921 0.000142 0.000000 
00868 0.200000 0.200000 1.735919 0.000142 0.000394 
00869 0.200000 0.200000 1.737917 0.000142 0.000000 
00870 0.200000 0.200000 1.739966 0.000142 0.000000 
00871 0.200000 0.200000 1.741912 0.000142 0.000000 
00872 0.200000 0.200000 1.743961 0.000142 0.000000 
00873 0.200000 0.200000 1.745907 0.000142 0.000000 
00874 0.200000 0.200000 1.747956 0.000142 0.000000 
00875 0.200000 0.200000 1.749903 0.000142 0.000000 
00876 0.200000 0.200000 1.751952 0.000142 0.000000 
00877 0.200000 0.200000 1.753898 0.000142 0.000000 
00878 0.200000 0.200000 1.755947 0.000142 0.000000 
00879 0.200000 0.200000 1.757894 0.000142 0.000000 
00880 0.200000 0.200000 1.759943 0.000142 0.000000 
00881 0.200000 0.200000 1.761889 0.000142 0.000000 
00882 0.200000 0.200000 1.763938 0.000142 0.000000 
00883 0.200000 0.200000 1.765885 0.000142 0.000000 
00884 0.200000 0.200000 1.767934 0.000142 0.000000 
00885 0.200000 0.200000 1.769931 0.000143 0.000394 
00886 0.200000 0.200000 1.771929 0.000143 0.000000 
00887 0.200000 0.200000 1.773927 0.000144 0.000394 
00888 0.200000 0.200000 1.775925 0.000144 0.000000 
00889 0.200000 0.200000 1.777922 0.000145 0.000394 
00890 0.200000 0.200000 1.779920 0.000145 0.000000 
00891 0.200000 0.200000 1.781918 0.000146 0.000394 
00892 0.200000 0.200000 1.783915 0.000146 0.000000 
00893 0.200000 0.200000 1.785964 0.000146 0.000000 
00894 0.200000 0.200000 1.787911 0.000146 0.000000 
00895 0.200000 0.200000 1.789960 0.000146 0.000000 
00896 0.200000 0.200000 1.791906 0.000146 0.000000 
00897 0.200000 0.200000 1.793955 0.000146 0.000000 
00898 0.200000 0.200000 1.795902 0.000146 0.000000 
00899 0.200000 0.200000 1.797951 0.000146 0.000000 
00900 0.200000 0.200000 1.799897 0.000146 0.000000 
00901 0.200000 0.200000 1.801946 0.000146 0.000000 
00902 0.200000 0.200000 1.803893 0.000146 0.000000 
00903 0.200000 0.200000 1.805942 0.000146 0.000000 
00904 0.200000 0.200000 1.807888 0.000146 0.000000 
00905 0.200000 0.200000 1.809937 0.000146 0.000000 
00906 0.200000 0.200000 1.811884 0.000146 0.000000 
00907 0.200000 0.200000 1.813933 0.000146 0.000000 
00908 0.200000 0.200000 1.815930 0.000146 0.000394 
00909 0.200000 0.200000 1.817928 0.000146 0.000000 
00910 0.200000 0.200000 1.819926 0.000147 0.000394 
00911 0.200000 0.200000 1.821923 0.000147 0.000000 
00912 0.200000 0.200000 1.823921 0.000148 0.000394 
00913 0.200000 0.200000 1.825919 0.000148 0.000000 
00914 0.200000 0.200000 1.827917 0.000149 0.000394 
00915 0.200000 0.200000 1.829914 0.000149 0.000000 
00916 0.200000 0.200000 1.831963 0.000149 0.000000 
00917 0.200000 0.200000 1.833910 0.000149 0.000000 
00918 0.200000 0.200000 1.835959 0.000149 0.000000 
00919 0.200000 0.200000 1.837905 0.000149 0.000000 
00920 0.200000 0.200000 1.839954 0.000149 0.000000 
00921 0.200000 0.200000 1.841901 0.000149 0.000000 
00922 0.200000 0.200000 1.843950 0.000149 0.000000 
00923 0.200000 0.200000 1.845896 0.000149 0.000000 
00924 0.200000 0.200000 1.847945 0.000149 0.000000 
00925 0.200000 0.200000 1.849892 0.000149 0.000000 
00926 0.200000 0.200000 1.851941 0.000149 0.000000 
00927 0.200000 0.200000 1.853887 0.000149 0.000000 
00928 0.200000 0.200000 1.855936 0.000149 0.000000 
00929 0.200000 0.200000 1.857882 0.000149 0.000000 
00930 0.200000 0.200000 1.859931 0.000149 0.000000 
00931 0.200000 0.200000 1.861929 0.000150 0.000394 
00932 0.200000 0.200000 1.863927 0.000150 0.000000 
00933 0.200000 0.200000 1.865924 0.000150 0.000394 
00934 0.200000 0.200000 1.867922 0.000150 0.000000 
00935 0.200000 0.200000 1.869920 0.000151 0.000394 
00936 0.200000 0.200000 1.871918 0.000151 0.000000 
00937 0.200000 0.200000 1.873915 0.000152 0.000394 
00938 0.200000 0.200000 1.875913 0.000152 0.000000 
00939 0.200000 0.200000 1.877962 0.000152 0.000000 
00940 0.200000 0.200000 1.879909 0.000152 0.000000 
00941 0.200000 0.200000 1.881958 0.000152 0.000000 
00942 0.200000 0.200000 1.883904 0.000152 0.000000 
00943 0.200000 0.200000 1.885953 0.000152 0.000000 
00944 0.200000 0.200000 1.887900 0.000152 0.000000 
00945 0.200000 0.200000 1.889948 0.000152 0.000000 
00946 0.200000 0.200000 1.891895 0.000152 0.000000 
00947 0.200000 0.200000 1.893944 0.000152 0.000000 
00948 0.200000 0.200000 1.895890 0.000152 0.000000 
00949 0.200000 0.200000 1.897939 0.000152 0.000000 
00950 0.200000 0.200000 1.899886 0.000152 0.000000 
00951 0.200000 0.200000 1.901935 0.000152 0.000000 
00952 0.200000 0.200000 1.903881 0.000152 0.000000 
00953 0.200000 0.200000 1.905930 0.000152 0.000000 
00954 0.200000 0.200000 1.907928 0.000153 0.000394 
00955 0.200000 0.200000 1.909926 0.000153 0.000000 
00956 0.200000 0.200000 1.911923 0.000153 0.000394 
00957 0.200000 0.200000 1.913921 0.000153 0.000000 
00958 0.200000 0.200000 1.915919 0.000154 0.000394 
00959 0.200000 0.200000 1.917917 0.000154 0.000000 
00960 0.200000 0.200000 1.919914 0.000155 0.000394 
00961 0.200000 0.200000 1.921912 0.000155 0.000000 
00962 0.200000 0.200000 1.923961 0.000155 0.000000 
00963 0.200000 0.200000 1.925907 0.000155 0.000000 
00964 0.200000 0.200000 1.927956 0.000155 0.000000 
00965 0.200000 0.200000 1.929903 0.000155 0.000000 
00966 0.200000 0.200000 1.931952 0.000155 0.000000 
00967 0.200000 0.200000 1.933898 0.000155 0.000000 
00968 0.200000 0.200000 1.935947 0.000155 0.000000 
00969 0.200000 0.200000 1.937894 0.000155 0.000000 
00970 0.200000 0.200000 1.939943 0.000155 0.000000 
00971 0.200000 0.200000 1.941889 0.000155 0.000000 
00972 0.200000 0.200000 1.943938 0.000155 0.000000 
00973 0.200000 0.200000 1.945885 0.000155 0.000000 
00974 0.200000 0.200000 1.947934 0.000155 0.000000 
00975 0.200000 0.200000 1.949880 0.000155 0.000000 
00976 0.200000 0.200000 1.951929 0.000155 0.000000 
00977 0.200000 0.200000 1.953927 0.000156 0.000394 
00978 0.200000 0.200000 1.955925 0.000156 0.000000 
00979 0.200000 0.200000 1.957922 0.000157 0.000394 
00980 0.200000 0.200000 1.959920 0.000157 0.000000 
00981 0.200000 0.200000 1.961918 0.000157 0.000394 
00982 0.200000 0.200000 1.963915 0.000157 0.000000 
00983 0.200000 0.200000 1.965913 0.000158 0.000394 
00984 0.200000 0.200000 1.967911 0.000158 0.000000 
00985 0.200000 0.200000 1.969960 0.000158 0.000000 
00986 0.200000 0.200000 1.971906 0.000158 0.000000 
00987 0.200000 0.200000 1.973955 0.000158 0.000000 
00988 0.200000 0.200000 1.975902 0.000158 0.000000 
00989 0.200000 0.200000 1.977951 0.000158 0.000000 
00990 0.200000 0.200000 1.979897 0.000158 0.000000 
00991 0.200000 0.200000 1.981946 0.000158 0.000000 
00992 0.200000 0.200000 1.983893 0.000158 0.000000 
00993 0.200000 0.200000 1.985942 0.000158 0.000000 
00994 0.200000 0.200000 1.987888 0.000158 0.000000 
00995 0.200000 0.200000 1.989937 0.000158 0.000000 
00996 0.200000 0.200000 1.991884 0.000158 0.000000 
00997 0.200000 0.200000 1.993932 0.000158 0.000000 
00998 0.200000 0.200000 1.995879 0.000158 0.000000 
00999 0.200000 0.200000 1.997928 0.000158 0.000000 
01000 0.200000 0.200000 1.999926 0.000159 0.000394 
01001 0.200000 0.200000 2.001923 0.000159 0.000000 
01002 0.000000 0.000000 2.003921 0.000160 0.000394 
00000 0.000000 0.000000 2.005919 0.000160 0.000000 
