00000 0.000000 0.000000 0.000000 0.000000 0.000000 
00000 0.000000 0.000000 0.000000 0.000000 0.000000 
00001 0.005000 0.005000 0.000000 0.000000 0.000000 
00002 0.010000 0.010000 0.000000 0.000000 0.000000 
00003 0.015000 0.015000 0.000000 0.000000 0.000000 
00004 0.020000 0.020000 0.000102 0.000000 0.000000 
00005 0.025000 0.025000 0.000205 0.000000 0.000000 
00006 0.030000 0.030000 0.000410 0.000000 0.000000 
00007 0.035000 0.035000 0.000563 0.000000 0.000394 
00008 0.040000 0.040000 0.000871 0.000000 0.000394 
00009 0.045000 0.045000 0.001178 0.000000 0.000394 
00010 0.050000 0.050000 0.001537 0.000000 -0.000000 
00011 0.055000 0.055000 0.001946 0.000000 -0.000000 
00012 0.060000 0.060000 0.002459 0.000000 -0.000000 
00013 0.065000 0.065000 0.002971 0.000000 -0.000000 
00014 0.070000 0.070000 0.003483 0.000000 -0.000000 
00015 0.075000 0.075000 0.004098 0.000000 -0.000000 
00016 0.080000 0.080000 0.004713 0.000000 -0.000000 
00017 0.085000 0.085000 0.005378 0.000001 0.000394 
00018 0.090000 0.090000 0.006147 0.000001 -0.000000 
00019 0.095000 0.095000 0.006966 0.000001 -0.000000 
00020 0.100000 0.100000 0.007888 0.000001 -0.000000 
00021 0.105000 0.105000 0.008810 0.000001 -0.000000 
00022 0.110000 0.110000 0.009732 0.000001 -0.000000 
00023 0.115000 0.115000 0.010757 0.000001 -0.000000 
00024 0.120000 0.120000 0.011884 0.000001 -0.000000 
00025 0.125000 0.125000 0.013011 0.000001 -0.000000 
00026 0.130000 0.130000 0.014138 0.000001 -0.000000 
00027 0.135000 0.135000 0.015367 0.000001 -0.000000 
00028 0.140000 0.140000 0.016699 0.000001 -0.000000 
00029 0.145000 0.145000 0.017980 0.000001 0.000394 
00030 0.150000 0.150000 0.019363 0.000001 -0.000000 
00031 0.155000 0.155000 0.020797 0.000001 -0.000000 
00032 0.160000 0.160000 0.022231 0.000001 -0.000000 
00033 0.165000 0.165000 0.023768 0.000001 -0.000000 
00034 0.170000 0.170000 0.025407 0.000001 -0.000000 
00035 0.175000 0.175000 0.026944 0.000001 -0.000000 
00036 0.180000 0.180000 0.028685 0.000001 -0.000000 
00037 0.185000 0.185000 0.030376 0.000002 0.000394 
00038 0.190000 0.190000 0.032168 0.000002 -0.000000 
00039 0.195000 0.195000 0.033961 0.000002 0.000394 
00040 0.200000 0.200000 0.035857 0.000002 -0.000000 
00041 0.205000 0.205000 0.037803 0.000002 -0.000000 
00042 0.210000 0.210000 0.039750 0.000002 -0.000000 
00043 0.215000 0.215000 0.041799 0.000002 -0.000000 
00044 0.220000 0.220000 0.043847 0.000002 -0.000000 
00045 0.225000 0.225000 0.045999 0.000002 -0.000000 
00046 0.230000 0.230000 0.048150 0.000002 -0.000000 
00047 0.235000 0.235000 0.050404 0.000002 -0.000000 
00048 0.240000 0.240000 0.052658 0.000002 -0.000000 
00049 0.245000 0.245000 0.054963 0.000003 0.000394 
00050 0.250000 0.250000 0.057371 0.000003 -0.000000 
00051 0.255000 0.255000 0.059778 0.000004 0.000394 
00052 0.260000 0.260000 0.062288 0.000004 -0.000000 
00053 0.265000 0.265000 0.064747 0.000004 -0.000000 
00054 0.270000 0.270000 0.067410 0.000004 -0.000000 
00055 0.275000 0.275000 0.069972 0.000004 -0.000000 
00056 0.280000 0.280000 0.072635 0.000004 -0.000000 
00057 0.285000 0.285000 0.075401 0.000004 -0.000000 
00058 0.290000 0.290000 0.078167 0.000004 -0.000000 
00059 0.295000 0.295000 0.080933 0.000004 -0.000000 
00060 0.300000 0.300000 0.083904 0.000004 -0.000000 
00061 0.305000 0.305000 0.086773 0.000004 -0.000000 
00062 0.310000 0.310000 0.089744 0.000004 -0.000000 
00063 0.315000 0.315000 0.092766 0.000005 0.000394 
00064 0.320000 0.320000 0.095891 0.000005 -0.000000 
00065 0.325000 0.325000 0.098964 0.000005 -0.000000 
00066 0.330000 0.330000 0.102140 0.000005 -0.000000 
00067 0.335000 0.335000 0.105367 0.000007 0.000394 
00068 0.340000 0.340000 0.108697 0.000007 -0.000000 
00069 0.345000 0.345000 0.111975 0.000007 -0.000000 
00070 0.350000 0.350000 0.115356 0.000007 -0.000000 
00071 0.355000 0.355000 0.118736 0.000007 -0.000000 
00072 0.360000 0.360000 0.122271 0.000008 0.000394 
00073 0.365000 0.365000 0.125805 0.000008 -0.000000 
00074 0.370000 0.370000 0.129391 0.000008 -0.000000 
00075 0.375000 0.375000 0.132977 0.000008 -0.000000 
00076 0.380000 0.380000 0.136665 0.000008 -0.000000 
00077 0.385000 0.385000 0.140353 0.000008 -0.000000 
00078 0.390000 0.390000 0.144143 0.000008 -0.000000 
00079 0.395000 0.395000 0.147934 0.000008 -0.000000 
00080 0.400000 0.400000 0.151827 0.000008 -0.000000 
00081 0.400000 0.400000 0.155771 0.000010 0.000394 
00082 0.400000 0.400000 0.159767 0.000011 0.000394 
00083 0.400000 0.400000 0.163762 0.000013 0.000394 
00084 0.400000 0.400000 0.167758 0.000014 0.000394 
00085 0.400000 0.400000 0.171804 0.000014 0.000000 
00086 0.400000 0.400000 0.175800 0.000014 0.000000 
00087 0.400000 0.400000 0.179795 0.000014 0.000000 
00088 0.400000 0.400000 0.183791 0.000014 0.000000 
00089 0.400000 0.400000 0.187786 0.000014 0.000000 
00090 0.400000 0.400000 0.191781 0.000014 0.000000 
00091 0.400000 0.400000 0.195777 0.000014 0.000000 
00092 0.400000 0.400000 0.199772 0.000014 0.000000 
00093 0.400000 0.400000 0.203768 0.000014 0.000000 
00094 0.400000 0.400000 0.207763 0.000014 0.000000 
00095 0.400000 0.400000 0.211759 0.000014 0.000000 
00096 0.400000 0.400000 0.215754 0.000014 0.000000 
00097 0.400000 0.400000 0.219750 0.000014 0.000000 
00098 0.400000 0.400000 0.223745 0.000014 0.000000 
00099 0.400000 0.400000 0.227740 0.000014 0.000000 
00100 0.400000 0.400000 0.231736 0.000014 0.000000 
00101 0.400000 0.400000 0.235731 0.000014 0.000000 
00102 0.400000 0.400000 0.239727 0.000014 0.000000 
00103 0.400000 0.400000 0.243773 0.000016 0.000394 
00104 0.400000 0.400000 0.247769 0.000018 0.000394 
00105 0.400000 0.400000 0.251764 0.000019 0.000394 
00106 0.400000 0.400000 0.255760 0.000021 0.000394 
00107 0.400000 0.400000 0.259755 0.000022 0.000394 
00108 0.400000 0.400000 0.263802 0.000022 0.000000 
00109 0.400000 0.400000 0.267797 0.000022 0.000000 
00110 0.400000 0.400000 0.271793 0.000022 0.000000 
00111 0.400000 0.400000 0.275788 0.000022 0.000000 
00112 0.400000 0.400000 0.279784 0.000022 0.000000 
00113 0.400000 0.400000 0.283779 0.000022 0.000000 
00114 0.400000 0.400000 0.287775 0.000022 0.000000 
00115 0.400000 0.400000 0.291770 0.000022 0.000000 
00116 0.400000 0.400000 0.295765 0.000022 0.000000 
00117 0.400000 0.400000 0.299761 0.000022 0.000000 
00118 0.400000 0.400000 0.303756 0.000022 0.000000 
00119 0.400000 0.400000 0.307752 0.000022 0.000000 
00120 0.400000 0.400000 0.311747 0.000022 0.000000 
00121 0.400000 0.400000 0.315743 0.000022 0.000000 
00122 0.400000 0.400000 0.319738 0.000022 0.000000 
00123 0.400000 0.400000 0.323734 0.000022 0.000000 
00124 0.400000 0.400000 0.327729 0.000022 0.000000 
00125 0.400000 0.400000 0.331724 0.000022 0.000000 
00126 0.400000 0.400000 0.335771 0.000024 0.000394 
00127 0.400000 0.400000 0.339767 0.000025 0.000394 
00128 0.400000 0.400000 0.343762 0.000027 0.000394 
00129 0.400000 0.400000 0.347757 0.000029 0.000394 
00130 0.400000 0.400000 0.351753 0.000030 0.000394 
00131 0.400000 0.400000 0.355800 0.000030 0.000000 
00132 0.400000 0.400000 0.359795 0.000030 0.000000 
00133 0.400000 0.400000 0.363790 0.000030 0.000000 
00134 0.400000 0.400000 0.367786 0.000030 0.000000 
00135 0.400000 0.400000 0.371781 0.000030 0.000000 
00136 0.400000 0.400000 0.375777 0.000030 0.000000 
00137 0.400000 0.400000 0.379772 0.000030 0.000000 
00138 0.400000 0.400000 0.383768 0.000030 0.000000 
00139 0.400000 0.400000 0.387763 0.000030 0.000000 
00140 0.400000 0.400000 0.391759 0.000030 0.000000 
00141 0.400000 0.400000 0.395754 0.000030 0.000000 
00142 0.400000 0.400000 0.399749 0.000030 0.000000 
00143 0.400000 0.400000 0.403745 0.000030 0.000000 
00144 0.400000 0.400000 0.407740 0.000030 0.000000 
00145 0.400000 0.400000 0.411736 0.000030 0.000000 
00146 0.400000 0.400000 0.415731 0.000030 0.000000 
00147 0.400000 0.400000 0.419727 0.000030 0.000000 
00148 0.400000 0.400000 0.423722 0.000030 0.000000 
00149 0.400000 0.400000 0.427769 0.000032 0.000394 
00150 0.400000 0.400000 0.431764 0.000033 0.000394 
00151 0.400000 0.400000 0.435760 0.000035 0.000394 
00152 0.400000 0.400000 0.439755 0.000037 0.000394 
00153 0.400000 0.400000 0.443751 0.000038 0.000394 
00154 0.400000 0.400000 0.447797 0.000038 0.000000 
00155 0.400000 0.400000 0.451793 0.000038 0.000000 
00156 0.400000 0.400000 0.455788 0.000038 0.000000 
00157 0.400000 0.400000 0.459784 0.000038 0.000000 
00158 0.400000 0.400000 0.463779 0.000038 0.000000 
00159 0.400000 0.400000 0.467775 0.000038 0.000000 
00160 0.400000 0.400000 0.471770 0.000038 0.000000 
00161 0.400000 0.400000 0.475765 0.000038 0.000000 
00162 0.400000 0.400000 0.479761 0.000038 0.000000 
00163 0.400000 0.400000 0.483756 0.000038 0.000000 
00164 0.400000 0.400000 0.487752 0.000038 0.000000 
00165 0.400000 0.400000 0.491747 0.000038 0.000000 
00166 0.400000 0.400000 0.495743 0.000038 0.000000 
00167 0.400000 0.400000 0.499738 0.000038 0.000000 
00168 0.400000 0.400000 0.503734 0.000038 0.000000 
00169 0.400000 0.400000 0.507729 0.000038 0.000000 
00170 0.400000 0.400000 0.511724 0.000038 0.000000 
00171 0.400000 0.400000 0.515720 0.000038 0.000000 
00172 0.400000 0.400000 0.519767 0.000040 0.000394 
00173 0.400000 0.400000 0.523762 0.000041 0.000394 
00174 0.400000 0.400000 0.527757 0.000043 0.000394 
00175 0.400000 0.400000 0.531753 0.000044 0.000394 
00176 0.400000 0.400000 0.535748 0.000046 0.000394 
00177 0.400000 0.400000 0.539795 0.000046 0.000000 
00178 0.400000 0.400000 0.543790 0.000046 0.000000 
00179 0.400000 0.400000 0.547786 0.000046 0.000000 
00180 0.400000 0.400000 0.551781 0.000046 0.000000 
00181 0.400000 0.400000 0.555777 0.000046 0.000000 
00182 0.400000 0.400000 0.559772 0.000046 0.000000 
00183 0.400000 0.400000 0.563768 0.000046 0.000000 
00184 0.400000 0.400000 0.567763 0.000046 0.000000 
00185 0.400000 0.400000 0.571759 0.000046 0.000000 
00186 0.400000 0.400000 0.575754 0.000046 0.000000 
00187 0.400000 0.400000 0.579749 0.000046 0.000000 
00188 0.400000 0.400000 0.583745 0.000046 0.000000 
00189 0.400000 0.400000 0.587740 0.000046 0.000000 
00190 0.400000 0.400000 0.591736 0.000046 0.000000 
00191 0.400000 0.400000 0.595731 0.000046 0.000000 
00192 0.400000 0.400000 0.599727 0.000046 0.000000 
00193 0.400000 0.400000 0.603722 0.000046 0.000000 
00194 0.400000 0.400000 0.607718 0.000046 0.000000 
00195 0.400000 0.400000 0.611764 0.000048 0.000394 
00196 0.400000 0.400000 0.615760 0.000049 0.000394 
00197 0.400000 0.400000 0.619755 0.000051 0.000394 
00198 0.400000 0.400000 0.623751 0.000052 0.000394 
00199 0.400000 0.400000 0.627746 0.000054 0.000394 
00200 0.400000 0.400000 0.631793 0.000054 0.000000 
00201 0.400000 0.400000 0.635788 0.000054 0.000000 
00202 0.400000 0.400000 0.639784 0.000054 0.000000 
00203 0.400000 0.400000 0.643779 0.000054 0.000000 
00204 0.400000 0.400000 0.647775 0.000054 0.000000 
00205 0.400000 0.400000 0.651770 0.000054 0.000000 
00206 0.400000 0.400000 0.655765 0.000054 0.000000 
00207 0.400000 0.400000 0.659761 0.000054 0.000000 
00208 0.400000 0.400000 0.663756 0.000054 0.000000 
00209 0.400000 0.400000 0.667752 0.000054 0.000000 
00210 0.400000 0.400000 0.671747 0.000054 0.000000 
00211 0.400000 0.400000 0.675743 0.000054 0.000000 
00212 0.400000 0.400000 0.679738 0.000054 0.000000 
00213 0.400000 0.400000 0.683734 0.000054 0.000000 
00214 0.400000 0.400000 0.687729 0.000054 0.000000 
00215 0.400000 0.400000 0.691724 0.000054 0.000000 
00216 0.400000 0.400000 0.695720 0.000054 0.000000 
00217 0.400000 0.400000 0.699715 0.000054 0.000000 
00218 0.400000 0.400000 0.703762 0.000055 0.000394 
00219 0.400000 0.400000 0.707757 0.000057 0.000394 
00220 0.400000 0.400000 0.711753 0.000059 0.000394 
00221 0.400000 0.400000 0.715748 0.000060 0.000394 
00222 0.400000 0.400000 0.719744 0.000062 0.000394 
00223 0.400000 0.400000 0.723790 0.000062 0.000000 
00224 0.400000 0.400000 0.727786 0.000062 0.000000 
00225 0.400000 0.400000 0.731781 0.000062 0.000000 
00226 0.400000 0.400000 0.735777 0.000062 0.000000 
00227 0.400000 0.400000 0.739772 0.000062 0.000000 
00228 0.400000 0.400000 0.743768 0.000062 0.000000 
00229 0.400000 0.400000 0.747763 0.000062 0.000000 
00230 0.400000 0.400000 0.751759 0.000062 0.000000 
00231 0.400000 0.400000 0.755754 0.000062 0.000000 
00232 0.400000 0.400000 0.759749 0.000062 0.000000 
00233 0.400000 0.400000 0.763745 0.000062 0.000000 
00234 0.400000 0.400000 0.767740 0.000062 0.000000 
00235 0.400000 0.400000 0.771736 0.000062 0.000000 
00236 0.400000 0.400000 0.775731 0.000062 0.000000 
00237 0.400000 0.400000 0.779727 0.000062 0.000000 
00238 0.400000 0.400000 0.783722 0.000062 0.000000 
00239 0.400000 0.400000 0.787718 0.000062 0.000000 
00240 0.400000 0.400000 0.791713 0.000062 0.000000 
00241 0.400000 0.400000 0.795760 0.000063 0.000394 
00242 0.400000 0.400000 0.799755 0.000065 0.000394 
00243 0.400000 0.400000 0.803751 0.000067 0.000394 
00244 0.400000 0.400000 0.807746 0.000068 0.000394 
00245 0.400000 0.400000 0.811741 0.000070 0.000394 
00246 0.400000 0.400000 0.815788 0.000070 0.000000 
00247 0.400000 0.400000 0.819784 0.000070 0.000000 
00248 0.400000 0.400000 0.823779 0.000070 0.000000 
00249 0.400000 0.400000 0.827774 0.000070 0.000000 
00250 0.400000 0.400000 0.831770 0.000070 0.000000 
00251 0.400000 0.400000 0.835765 0.000070 0.000000 
00252 0.400000 0.400000 0.843756 0.000070 0.000000 
00253 0.400000 0.400000 0.847752 0.000070 0.000000 
00254 0.400000 0.400000 0.851747 0.000070 0.000000 
00255 0.400000 0.400000 0.855743 0.000070 0.000000 
00256 0.400000 0.400000 0.859738 0.000070 0.000000 
00257 0.400000 0.400000 0.863733 0.000070 0.000000 
00258 0.400000 0.400000 0.867729 0.000070 0.000000 
00259 0.400000 0.400000 0.871724 0.000070 0.000000 
00260 0.400000 0.400000 0.875720 0.000070 0.000000 
00261 0.400000 0.400000 0.879715 0.000070 0.000000 
00262 0.400000 0.400000 0.883711 0.000070 0.000000 
00263 0.400000 0.400000 0.887757 0.000071 0.000394 
00264 0.400000 0.400000 0.891753 0.000073 0.000394 
00265 0.400000 0.400000 0.895748 0.000074 0.000394 
00266 0.400000 0.400000 0.899744 0.000076 0.000394 
00267 0.400000 0.400000 0.903739 0.000078 0.000394 
00268 0.400000 0.400000 0.907786 0.000078 0.000000 
00269 0.400000 0.400000 0.911781 0.000078 0.000000 
00270 0.400000 0.400000 0.915777 0.000078 0.000000 
00271 0.400000 0.400000 0.919772 0.000078 0.000000 
00272 0.400000 0.400000 0.923768 0.000078 0.000000 
00273 0.400000 0.400000 0.927763 0.000078 0.000000 
00274 0.400000 0.400000 0.931759 0.000078 0.000000 
00275 0.400000 0.400000 0.935754 0.000078 0.000000 
00276 0.400000 0.400000 0.939749 0.000078 0.000000 
00277 0.400000 0.400000 0.943745 0.000078 0.000000 
00278 0.400000 0.400000 0.947740 0.000078 0.000000 
00279 0.400000 0.400000 0.951736 0.000078 0.000000 
00280 0.400000 0.400000 0.955731 0.000078 0.000000 
00281 0.400000 0.400000 0.959727 0.000078 0.000000 
00282 0.400000 0.400000 0.963722 0.000078 0.000000 
00283 0.400000 0.400000 0.967718 0.000078 0.000000 
00284 0.400000 0.400000 0.971713 0.000078 0.000000 
00285 0.400000 0.400000 0.975708 0.000078 0.000000 
00286 0.400000 0.400000 0.979755 0.000079 0.000394 
00287 0.400000 0.400000 0.983751 0.000081 0.000394 
00288 0.400000 0.400000 0.987746 0.000082 0.000394 
00289 0.400000 0.400000 0.991741 0.000084 0.000394 
00290 0.400000 0.400000 0.995737 0.000085 0.000394 
00291 0.400000 0.400000 0.999784 0.000085 0.000000 
00292 0.400000 0.400000 1.003779 0.000085 0.000000 
00293 0.400000 0.400000 1.007774 0.000085 0.000000 
00294 0.400000 0.400000 1.011770 0.000085 0.000000 
00295 0.400000 0.400000 1.015765 0.000085 0.000000 
00296 0.400000 0.400000 1.019761 0.000085 0.000000 
00297 0.400000 0.400000 1.023756 0.000085 0.000000 
00298 0.400000 0.400000 1.027752 0.000085 0.000000 
00299 0.400000 0.400000 1.031747 0.000085 0.000000 
00300 0.400000 0.400000 1.035743 0.000085 0.000000 
00301 0.400000 0.400000 1.039738 0.000085 0.000000 
00302 0.400000 0.400000 1.043733 0.000085 0.000000 
00303 0.400000 0.400000 1.047729 0.000085 0.000000 
00304 0.400000 0.400000 1.051724 0.000085 0.000000 
00305 0.400000 0.400000 1.055720 0.000085 0.000000 
00306 0.400000 0.400000 1.059715 0.000085 0.000000 
00307 0.400000 0.400000 1.063711 0.000085 0.000000 
00308 0.400000 0.400000 1.067706 0.000085 0.000000 
00309 0.400000 0.400000 1.071753 0.000087 0.000394 
00310 0.400000 0.400000 1.075748 0.000089 0.000394 
00311 0.400000 0.400000 1.079744 0.000090 0.000394 
00312 0.400000 0.400000 1.083739 0.000092 0.000394 
00313 0.400000 0.400000 1.087735 0.000093 0.000394 
00314 0.400000 0.400000 1.091781 0.000093 0.000000 
00315 0.400000 0.400000 1.095777 0.000093 0.000000 
00316 0.400000 0.400000 1.099772 0.000093 0.000000 
00317 0.400000 0.400000 1.103768 0.000093 0.000000 
00318 0.400000 0.400000 1.107763 0.000093 0.000000 
00319 0.400000 0.400000 1.111758 0.000093 0.000000 
00320 0.400000 0.400000 1.115754 0.000093 0.000000 
00321 0.400000 0.400000 1.119749 0.000093 0.000000 
00322 0.400000 0.400000 1.123745 0.000093 0.000000 
00323 0.400000 0.400000 1.127740 0.000093 0.000000 
00324 0.400000 0.400000 1.131736 0.000093 0.000000 
00325 0.400000 0.400000 1.135731 0.000093 0.000000 
00326 0.400000 0.400000 1.139727 0.000093 0.000000 
00327 0.400000 0.400000 1.143722 0.000093 0.000000 
00328 0.400000 0.400000 1.147717 0.000093 0.000000 
00329 0.400000 0.400000 1.151713 0.000093 0.000000 
00330 0.400000 0.400000 1.155708 0.000093 0.000000 
00331 0.400000 0.400000 1.159704 0.000093 0.000000 
00332 0.400000 0.400000 1.163751 0.000095 0.000394 
00333 0.400000 0.400000 1.167746 0.000097 0.000394 
00334 0.400000 0.400000 1.171741 0.000098 0.000394 
00335 0.400000 0.400000 1.175737 0.000100 0.000394 
00336 0.400000 0.400000 1.179732 0.000101 0.000394 
00337 0.400000 0.400000 1.183779 0.000101 0.000000 
00338 0.400000 0.400000 1.187774 0.000101 0.000000 
00339 0.400000 0.400000 1.191770 0.000101 0.000000 
00340 0.400000 0.400000 1.195765 0.000101 0.000000 
00341 0.400000 0.400000 1.199761 0.000101 0.000000 
00342 0.400000 0.400000 1.203756 0.000101 0.000000 
00343 0.400000 0.400000 1.207752 0.000101 0.000000 
00344 0.400000 0.400000 1.211747 0.000101 0.000000 
00345 0.400000 0.400000 1.215742 0.000101 0.000000 
00346 0.400000 0.400000 1.219738 0.000101 0.000000 
00347 0.400000 0.400000 1.223733 0.000101 0.000000 
00348 0.400000 0.400000 1.227729 0.000101 0.000000 
00349 0.400000 0.400000 1.231724 0.000101 0.000000 
00350 0.400000 0.400000 1.235720 0.000101 0.000000 
00351 0.400000 0.400000 1.239715 0.000101 0.000000 
00352 0.400000 0.400000 1.243711 0.000101 0.000000 
00353 0.400000 0.400000 1.247706 0.000101 0.000000 
00354 0.400000 0.400000 1.251702 0.000101 0.000000 
00355 0.400000 0.400000 1.255748 0.000103 0.000394 
00356 0.400000 0.400000 1.259744 0.000104 0.000394 
00357 0.400000 0.400000 1.263739 0.000106 0.000394 
00358 0.400000 0.400000 1.267735 0.000108 0.000394 
00359 0.400000 0.400000 1.271730 0.000109 0.000394 
00360 0.400000 0.400000 1.275777 0.000109 0.000000 
00361 0.400000 0.400000 1.279772 0.000109 0.000000 
00362 0.400000 0.400000 1.283768 0.000109 0.000000 
00363 0.400000 0.400000 1.287763 0.000109 0.000000 
00364 0.400000 0.400000 1.291758 0.000109 0.000000 
00365 0.400000 0.400000 1.295754 0.000109 0.000000 
00366 0.400000 0.400000 1.299749 0.000109 0.000000 
00367 0.400000 0.400000 1.303745 0.000109 0.000000 
00368 0.400000 0.400000 1.307740 0.000109 0.000000 
00369 0.400000 0.400000 1.311736 0.000109 0.000000 
00370 0.400000 0.400000 1.315731 0.000109 0.000000 
00371 0.400000 0.400000 1.319727 0.000109 0.000000 
00372 0.400000 0.400000 1.323722 0.000109 0.000000 
00373 0.400000 0.400000 1.327717 0.000109 0.000000 
00374 0.400000 0.400000 1.331713 0.000109 0.000000 
00375 0.400000 0.400000 1.335708 0.000109 0.000000 
00376 0.400000 0.400000 1.339704 0.000109 0.000000 
00377 0.400000 0.400000 1.343699 0.000109 0.000000 
00378 0.400000 0.400000 1.347746 0.000111 0.000394 
00379 0.400000 0.400000 1.351741 0.000112 0.000394 
00380 0.400000 0.400000 1.355737 0.000114 0.000394 
00381 0.400000 0.400000 1.359732 0.000115 0.000394 
00382 0.400000 0.400000 1.363728 0.000117 0.000394 
00383 0.400000 0.400000 1.367774 0.000117 0.000000 
00384 0.400000 0.400000 1.371770 0.000117 0.000000 
00385 0.400000 0.400000 1.375765 0.000117 0.000000 
00386 0.400000 0.400000 1.379761 0.000117 0.000000 
00387 0.400000 0.400000 1.383756 0.000117 0.000000 
00388 0.400000 0.400000 1.387752 0.000117 0.000000 
00389 0.400000 0.400000 1.391747 0.000117 0.000000 
00390 0.400000 0.400000 1.395743 0.000117 0.000000 
00391 0.400000 0.400000 1.399738 0.000117 0.000000 
00392 0.400000 0.400000 1.403733 0.000117 0.000000 
00393 0.400000 0.400000 1.407729 0.000117 0.000000 
00394 0.400000 0.400000 1.411724 0.000117 0.000000 
00395 0.400000 0.400000 1.415720 0.000117 0.000000 
00396 0.400000 0.400000 1.419715 0.000117 0.000000 
00397 0.400000 0.400000 1.423711 0.000117 0.000000 
00398 0.400000 0.400000 1.427706 0.000117 0.000000 
00399 0.400000 0.400000 1.431702 0.000117 0.000000 
00400 0.400000 0.400000 1.435697 0.000117 0.000000 
00401 0.400000 0.400000 1.439744 0.000119 0.000394 
00402 0.400000 0.400000 1.443739 0.000120 0.000394 
00403 0.400000 0.400000 1.447734 0.000122 0.000394 
00404 0.400000 0.400000 1.451730 0.000123 0.000394 
00405 0.400000 0.400000 1.455725 0.000125 0.000394 
00406 0.400000 0.400000 1.459772 0.000125 0.000000 
00407 0.400000 0.400000 1.463768 0.000125 0.000000 
00408 0.400000 0.400000 1.467763 0.000125 0.000000 
00409 0.400000 0.400000 1.471758 0.000125 0.000000 
00410 0.400000 0.400000 1.475754 0.000125 0.000000 
00411 0.400000 0.400000 1.479749 0.000125 0.000000 
00412 0.400000 0.400000 1.483745 0.000125 0.000000 
00413 0.400000 0.400000 1.487740 0.000125 0.000000 
00414 0.400000 0.400000 1.491736 0.000125 0.000000 
00415 0.400000 0.400000 1.495731 0.000125 0.000000 
00416 0.400000 0.400000 1.499727 0.000125 0.000000 
00417 0.400000 0.400000 1.503722 0.000125 0.000000 
00418 0.400000 0.400000 1.507717 0.000125 0.000000 
00419 0.400000 0.400000 1.511713 0.000125 0.000000 
00420 0.400000 0.400000 1.515708 0.000125 0.000000 
00421 0.400000 0.400000 1.519704 0.000125 0.000000 
00422 0.400000 0.400000 1.523699 0.000125 0.000000 
00423 0.400000 0.400000 1.527695 0.000125 0.000000 
00424 0.400000 0.400000 1.531741 0.000127 0.000394 
00425 0.400000 0.400000 1.535737 0.000128 0.000394 
00426 0.400000 0.400000 1.539732 0.000130 0.000394 
00427 0.400000 0.400000 1.543728 0.000131 0.000394 
00428 0.400000 0.400000 1.547723 0.000133 0.000394 
00429 0.400000 0.400000 1.551770 0.000133 0.000000 
00430 0.400000 0.400000 1.555765 0.000133 0.000000 
00431 0.400000 0.400000 1.559761 0.000133 0.000000 
00432 0.400000 0.400000 1.563756 0.000133 0.000000 
00433 0.400000 0.400000 1.567752 0.000133 0.000000 
00434 0.400000 0.400000 1.571747 0.000133 0.000000 
00435 0.400000 0.400000 1.575742 0.000133 0.000000 
00436 0.400000 0.400000 1.579738 0.000133 0.000000 
00437 0.400000 0.400000 1.583733 0.000133 0.000000 
00438 0.400000 0.400000 1.587729 0.000133 0.000000 
00439 0.400000 0.400000 1.591724 0.000133 0.000000 
00440 0.400000 0.400000 1.595720 0.000133 0.000000 
00441 0.400000 0.400000 1.599715 0.000133 0.000000 
00442 0.400000 0.400000 1.603711 0.000133 0.000000 
00443 0.400000 0.400000 1.607706 0.000133 0.000000 
00444 0.400000 0.400000 1.611701 0.000133 0.000000 
00445 0.400000 0.400000 1.615697 0.000133 0.000000 
00446 0.400000 0.400000 1.619692 0.000133 0.000000 
00447 0.400000 0.400000 1.623739 0.000134 0.000394 
00448 0.400000 0.400000 1.627734 0.000136 0.000394 
00449 0.400000 0.400000 1.631730 0.000138 0.000394 
00450 0.400000 0.400000 1.635725 0.000139 0.000394 
00451 0.400000 0.400000 1.639721 0.000141 0.000394 
00452 0.400000 0.400000 1.643767 0.000141 0.000000 
00453 0.400000 0.400000 1.647763 0.000141 0.000000 
00454 0.400000 0.400000 1.651758 0.000141 0.000000 
00455 0.400000 0.400000 1.655754 0.000141 0.000000 
00456 0.400000 0.400000 1.659749 0.000141 0.000000 
00457 0.400000 0.400000 1.663745 0.000141 0.000000 
00458 0.400000 0.400000 1.667740 0.000141 0.000000 
00459 0.400000 0.400000 1.671736 0.000141 0.000000 
00460 0.400000 0.400000 1.675731 0.000141 0.000000 
00461 0.400000 0.400000 1.679726 0.000141 0.000000 
00462 0.400000 0.400000 1.683722 0.000141 0.000000 
00463 0.400000 0.400000 1.687717 0.000141 0.000000 
00464 0.400000 0.400000 1.691713 0.000141 0.000000 
00465 0.400000 0.400000 1.695708 0.000141 0.000000 
00466 0.400000 0.400000 1.699704 0.000141 0.000000 
00467 0.400000 0.400000 1.703699 0.000141 0.000000 
00468 0.400000 0.400000 1.707695 0.000141 0.000000 
00469 0.400000 0.400000 1.711690 0.000141 0.000000 
00470 0.400000 0.400000 1.715737 0.000142 0.000394 
00471 0.400000 0.400000 1.719732 0.000144 0.000394 
00472 0.400000 0.400000 1.723728 0.000145 0.000394 
00473 0.400000 0.400000 1.727723 0.000147 0.000394 
00474 0.400000 0.400000 1.731719 0.000149 0.000394 
00475 0.400000 0.400000 1.735765 0.000149 0.000000 
00476 0.400000 0.400000 1.739761 0.000149 0.000000 
00477 0.400000 0.400000 1.743756 0.000149 0.000000 
00478 0.400000 0.400000 1.747751 0.000149 0.000000 
00479 0.400000 0.400000 1.751747 0.000149 0.000000 
00480 0.400000 0.400000 1.755742 0.000149 0.000000 
00481 0.400000 0.400000 1.759738 0.000149 0.000000 
00482 0.400000 0.400000 1.763733 0.000149 0.000000 
00483 0.400000 0.400000 1.767729 0.000149 0.000000 
00484 0.400000 0.400000 1.771724 0.000149 0.000000 
00485 0.400000 0.400000 1.775720 0.000149 0.000000 
00486 0.400000 0.400000 1.779715 0.000149 0.000000 
00487 0.400000 0.400000 1.783711 0.000149 0.000000 
00488 0.400000 0.400000 1.787706 0.000149 0.000000 
00489 0.400000 0.400000 1.791701 0.000149 0.000000 
00490 0.400000 0.400000 1.795697 0.000149 0.000000 
00491 0.400000 0.400000 1.799692 0.000149 0.000000 
00492 0.400000 0.400000 1.803688 0.000149 0.000000 
00493 0.400000 0.400000 1.807683 0.000149 0.000000 
00494 0.400000 0.400000 1.811730 0.000150 0.000394 
00495 0.400000 0.400000 1.815725 0.000152 0.000394 
00496 0.400000 0.400000 1.819721 0.000153 0.000394 
00497 0.400000 0.400000 1.823716 0.000155 0.000394 
00498 0.400000 0.400000 1.827763 0.000155 0.000000 
00499 0.400000 0.400000 1.831758 0.000155 0.000000 
00500 0.400000 0.400000 1.835754 0.000155 0.000000 
00501 0.400000 0.400000 1.839749 0.000155 0.000000 
00502 0.400000 0.400000 1.843745 0.000155 0.000000 
00503 0.400000 0.400000 1.847740 0.000155 0.000000 
00504 0.400000 0.400000 1.851736 0.000155 0.000000 
00505 0.400000 0.400000 1.855731 0.000155 0.000000 
00506 0.400000 0.400000 1.859726 0.000155 0.000000 
00507 0.400000 0.400000 1.863722 0.000155 0.000000 
00508 0.400000 0.400000 1.867717 0.000155 0.000000 
00509 0.400000 0.400000 1.871713 0.000155 0.000000 
00510 0.400000 0.400000 1.875708 0.000155 0.000000 
00511 0.400000 0.400000 1.879704 0.000155 0.000000 
00512 0.400000 0.400000 1.883699 0.000155 0.000000 
00513 0.400000 0.400000 1.887695 0.000155 0.000000 
00514 0.400000 0.400000 1.891690 0.000155 0.000000 
00515 0.400000 0.400000 1.895685 0.000155 0.000000 
00516 0.400000 0.400000 1.899681 0.000155 0.000000 
00517 0.400000 0.400000 1.903728 0.000157 0.000394 
00518 0.400000 0.400000 1.907723 0.000158 0.000394 
00519 0.400000 0.400000 1.911718 0.000160 0.000394 
00520 0.400000 0.400000 1.915714 0.000161 0.000394 
00521 0.400000 0.400000 1.919761 0.000161 0.000000 
00522 0.400000 0.400000 1.923756 0.000161 0.000000 
00523 0.400000 0.400000 1.927752 0.000161 0.000000 
00524 0.400000 0.400000 1.931747 0.000161 0.000000 
00525 0.400000 0.400000 1.935742 0.000161 0.000000 
00526 0.400000 0.400000 1.939738 0.000161 0.000000 
00527 0.400000 0.400000 1.943733 0.000161 0.000000 
00528 0.400000 0.400000 1.947729 0.000161 0.000000 
00529 0.400000 0.400000 1.951724 0.000161 0.000000 
00530 0.400000 0.400000 1.955720 0.000161 0.000000 
00531 0.400000 0.400000 1.959715 0.000161 0.000000 
00532 0.400000 0.400000 1.963711 0.000161 0.000000 
00533 0.400000 0.400000 1.967706 0.000161 0.000000 
00534 0.400000 0.400000 1.971701 0.000161 0.000000 
00535 0.400000 0.400000 1.975697 0.000161 0.000000 
00536 0.400000 0.400000 1.979692 0.000161 0.000000 
00537 0.400000 0.400000 1.983688 0.000161 0.000000 
00538 0.400000 0.400000 1.987683 0.000161 0.000000 
00539 0.400000 0.400000 1.991679 0.000161 0.000000 
00540 0.400000 0.400000 1.995725 0.000163 0.000394 
00541 0.400000 0.400000 1.999721 0.000164 0.000394 
00542 0.400000 0.400000 2.003716 0.000166 0.000394 
00543 0.000000 0.000000 2.007712 0.000168 0.000394 
00000 0.000000 0.000000 2.011758 0.000168 0.000000 
