00000 ,0.000, 0.000, 0.000, 0.000, 0.000 
00000 ,0.000, 0.000, 0.000, 0.000, 0.000 
00001 ,0.005, 0.005, 0.000, 0.000, 0.000 
00002 ,0.010, 0.010, 0.000, 0.000, 0.000 
00003 ,0.015, 0.015, 0.000, 0.000, 0.000 
00004 ,0.020, 0.020, 0.000, 0.000, 0.000 
00005 ,0.025, 0.025, 0.000, 0.000, 0.000 
00006 ,0.030, 0.030, 0.001, 0.000, 0.000 
00007 ,0.035, 0.035, 0.001, 0.000, 0.000 
00008 ,0.040, 0.040, 0.001, 0.000, 0.000 
00009 ,0.045, 0.045, 0.001, 0.000, 0.000 
00010 ,0.050, 0.050, 0.002, 0.000, 0.000 
00011 ,0.055, 0.055, 0.002, 0.000, 0.000 
00012 ,0.060, 0.060, 0.003, 0.000, 0.000 
00013 ,0.065, 0.065, 0.003, 0.000, 0.000 
00014 ,0.070, 0.070, 0.004, 0.000, 0.000 
00015 ,0.075, 0.075, 0.005, 0.000, 0.000 
00016 ,0.080, 0.080, 0.005, 0.000, 0.000 
00017 ,0.085, 0.085, 0.006, 0.000, 0.000 
00018 ,0.090, 0.090, 0.007, 0.000, 0.000 
00019 ,0.095, 0.095, 0.008, 0.000, 0.000 
00020 ,0.100, 0.100, 0.009, 0.000, 0.000 
00021 ,0.105, 0.105, 0.010, 0.000, 0.000 
00022 ,0.110, 0.110, 0.011, 0.000, 0.000 
00023 ,0.115, 0.115, 0.012, 0.000, 0.000 
00024 ,0.120, 0.120, 0.013, 0.000, 0.000 
00025 ,0.125, 0.125, 0.014, 0.000, 0.000 
00026 ,0.130, 0.130, 0.015, 0.000, 0.000 
00027 ,0.135, 0.135, 0.016, 0.000, 0.000 
00028 ,0.140, 0.140, 0.017, 0.000, 0.000 
00029 ,0.145, 0.145, 0.019, 0.000, 0.000 
00030 ,0.150, 0.150, 0.020, 0.000, 0.000 
00031 ,0.155, 0.155, 0.022, 0.000, 0.000 
00032 ,0.160, 0.160, 0.023, 0.000, 0.000 
00033 ,0.165, 0.165, 0.025, 0.000, 0.000 
00034 ,0.170, 0.170, 0.026, 0.000, 0.000 
00035 ,0.175, 0.175, 0.028, 0.000, 0.000 
00036 ,0.180, 0.180, 0.030, 0.000, 0.000 
00037 ,0.185, 0.185, 0.031, 0.000, 0.000 
00038 ,0.190, 0.190, 0.033, 0.000, 0.000 
00039 ,0.195, 0.195, 0.035, 0.000, 0.000 
00040 ,0.200, 0.200, 0.037, 0.000, 0.000 
00041 ,0.205, 0.205, 0.039, 0.000, 0.000 
00042 ,0.210, 0.210, 0.041, 0.000, 0.000 
00043 ,0.215, 0.215, 0.043, 0.000, 0.000 
00044 ,0.220, 0.220, 0.045, 0.000, 0.000 
00045 ,0.225, 0.225, 0.047, 0.000, 0.000 
00046 ,0.230, 0.230, 0.049, 0.000, 0.000 
00047 ,0.235, 0.235, 0.051, 0.000, 0.000 
00048 ,0.240, 0.240, 0.053, 0.000, 0.000 
00049 ,0.245, 0.245, 0.056, 0.000, 0.000 
00050 ,0.250, 0.250, 0.058, 0.000, 0.000 
00051 ,0.255, 0.255, 0.061, 0.000, 0.000 
00052 ,0.260, 0.260, 0.063, 0.000, 0.000 
00053 ,0.265, 0.265, 0.066, 0.000, 0.000 
00054 ,0.270, 0.270, 0.068, 0.000, 0.000 
00055 ,0.275, 0.275, 0.071, 0.000, 0.000 
00056 ,0.280, 0.280, 0.073, 0.000, 0.000 
00057 ,0.285, 0.285, 0.076, 0.000, 0.000 
00058 ,0.290, 0.290, 0.079, 0.000, 0.000 
00059 ,0.295, 0.295, 0.082, 0.000, 0.000 
00060 ,0.300, 0.300, 0.085, 0.000, 0.000 
00061 ,0.300, 0.300, 0.088, 0.000, 0.000 
00062 ,0.300, 0.300, 0.091, 0.000, 0.000 
00063 ,0.300, 0.300, 0.094, 0.000, 0.000 
00064 ,0.300, 0.300, 0.097, 0.000, 0.000 
00065 ,0.300, 0.300, 0.100, 0.000, 0.000 
00066 ,0.300, 0.300, 0.103, 0.000, 0.000 
00067 ,0.300, 0.300, 0.106, 0.000, 0.000 
00068 ,0.300, 0.300, 0.109, 0.000, 0.000 
00069 ,0.300, 0.300, 0.112, 0.000, 0.000 
00070 ,0.300, 0.300, 0.115, 0.000, 0.000 
00071 ,0.300, 0.300, 0.118, 0.000, 0.000 
00072 ,0.300, 0.300, 0.121, 0.000, 0.000 
00073 ,0.300, 0.300, 0.124, 0.000, 0.000 
00074 ,0.300, 0.300, 0.127, 0.000, 0.000 
00075 ,0.300, 0.300, 0.130, 0.000, 0.000 
00076 ,0.300, 0.300, 0.133, 0.000, 0.000 
00077 ,0.300, 0.300, 0.136, 0.000, 0.000 
00078 ,0.300, 0.300, 0.139, 0.000, 0.000 
00079 ,0.300, 0.300, 0.142, 0.000, 0.000 
00080 ,0.300, 0.300, 0.145, 0.000, 0.000 
00081 ,0.300, 0.300, 0.148, 0.000, 0.000 
00082 ,0.300, 0.300, 0.151, 0.000, 0.000 
00083 ,0.300, 0.300, 0.154, 0.000, 0.000 
00084 ,0.300, 0.300, 0.157, 0.000, 0.000 
00085 ,0.300, 0.300, 0.160, 0.000, 0.000 
00086 ,0.300, 0.300, 0.163, 0.000, 0.000 
00087 ,0.300, 0.300, 0.166, 0.000, 0.000 
00088 ,0.300, 0.300, 0.169, 0.000, 0.000 
00089 ,0.300, 0.300, 0.172, 0.000, 0.000 
00090 ,0.300, 0.300, 0.175, 0.000, 0.000 
00091 ,0.300, 0.300, 0.178, 0.000, 0.000 
00092 ,0.300, 0.300, 0.181, 0.000, 0.000 
00093 ,0.300, 0.300, 0.184, 0.000, 0.000 
00094 ,0.300, 0.300, 0.187, 0.000, 0.000 
00095 ,0.300, 0.300, 0.190, 0.000, 0.000 
00096 ,0.300, 0.300, 0.193, 0.000, 0.000 
00097 ,0.300, 0.300, 0.196, 0.000, 0.000 
00098 ,0.300, 0.300, 0.199, 0.000, 0.000 
00099 ,0.300, 0.300, 0.202, 0.000, 0.000 
00100 ,0.300, 0.300, 0.205, 0.000, 0.000 
00101 ,0.300, 0.300, 0.208, 0.000, 0.000 
00102 ,0.300, 0.300, 0.211, 0.000, 0.000 
00103 ,0.300, 0.300, 0.214, 0.000, 0.000 
00104 ,0.300, 0.300, 0.217, 0.000, 0.000 
00105 ,0.300, 0.300, 0.220, 0.000, 0.000 
00106 ,0.300, 0.300, 0.223, 0.000, 0.000 
00107 ,0.300, 0.300, 0.226, 0.000, 0.000 
00108 ,0.300, 0.300, 0.229, 0.000, 0.000 
00109 ,0.300, 0.300, 0.232, 0.000, 0.000 
00110 ,0.300, 0.300, 0.235, 0.000, 0.000 
00111 ,0.300, 0.300, 0.238, 0.000, 0.000 
00112 ,0.300, 0.300, 0.241, 0.000, 0.000 
00113 ,0.300, 0.300, 0.244, 0.000, 0.000 
00114 ,0.300, 0.300, 0.247, 0.000, 0.000 
00115 ,0.300, 0.300, 0.250, 0.000, 0.000 
00116 ,0.300, 0.300, 0.253, 0.000, 0.000 
00117 ,0.300, 0.300, 0.256, 0.000, 0.000 
00118 ,0.300, 0.300, 0.259, 0.000, 0.000 
00119 ,0.300, 0.300, 0.262, 0.000, 0.000 
00120 ,0.300, 0.300, 0.265, 0.000, 0.000 
00121 ,0.300, 0.300, 0.268, 0.000, 0.000 
00122 ,0.300, 0.300, 0.271, 0.000, 0.000 
00123 ,0.300, 0.300, 0.274, 0.000, 0.000 
00124 ,0.300, 0.300, 0.277, 0.000, 0.000 
00125 ,0.300, 0.300, 0.280, 0.000, 0.000 
00126 ,0.300, 0.300, 0.283, 0.000, 0.000 
00127 ,0.300, 0.300, 0.286, 0.000, 0.000 
00128 ,0.300, 0.300, 0.289, 0.000, 0.000 
00129 ,0.300, 0.300, 0.292, 0.000, 0.000 
00130 ,0.300, 0.300, 0.295, 0.000, 0.000 
00131 ,0.300, 0.300, 0.298, 0.000, 0.000 
00132 ,0.300, 0.300, 0.301, 0.000, 0.000 
00133 ,0.300, 0.300, 0.304, 0.000, 0.000 
00134 ,0.300, 0.300, 0.310, 0.000, 0.000 
00135 ,0.300, 0.300, 0.313, 0.000, 0.000 
00136 ,0.300, 0.300, 0.316, 0.000, 0.000 
00137 ,0.300, 0.300, 0.319, 0.000, 0.000 
00138 ,0.300, 0.300, 0.322, 0.000, 0.000 
00139 ,0.300, 0.300, 0.325, 0.000, 0.000 
00140 ,0.300, 0.300, 0.328, 0.000, 0.000 
00141 ,0.300, 0.300, 0.331, 0.000, 0.000 
00142 ,0.300, 0.300, 0.334, 0.000, 0.000 
00143 ,0.300, 0.300, 0.337, 0.000, 0.000 
00144 ,0.300, 0.300, 0.340, 0.000, 0.000 
00145 ,0.300, 0.300, 0.343, 0.000, 0.000 
00146 ,0.300, 0.300, 0.346, 0.000, 0.000 
00147 ,0.300, 0.300, 0.349, 0.000, 0.000 
00148 ,0.300, 0.300, 0.352, 0.000, 0.000 
00149 ,0.300, 0.300, 0.355, 0.000, 0.000 
00150 ,0.300, 0.300, 0.358, 0.000, 0.000 
00151 ,0.300, 0.300, 0.361, 0.000, 0.000 
00152 ,0.300, 0.300, 0.364, 0.000, 0.000 
00153 ,0.300, 0.300, 0.367, 0.000, 0.000 
00154 ,0.300, 0.300, 0.370, 0.000, 0.000 
00155 ,0.300, 0.300, 0.373, 0.000, 0.000 
00156 ,0.300, 0.300, 0.376, 0.000, 0.000 
00157 ,0.300, 0.300, 0.379, 0.000, 0.000 
00158 ,0.300, 0.300, 0.382, 0.000, 0.000 
00159 ,0.300, 0.300, 0.385, 0.000, 0.000 
00160 ,0.300, 0.300, 0.388, 0.000, 0.000 
00161 ,0.300, 0.300, 0.391, 0.000, 0.000 
00162 ,0.300, 0.300, 0.394, 0.000, 0.000 
00163 ,0.300, 0.300, 0.397, 0.000, 0.000 
00164 ,0.300, 0.300, 0.400, 0.000, 0.000 
00165 ,0.300, 0.300, 0.403, 0.000, 0.000 
00166 ,0.300, 0.300, 0.406, 0.000, 0.000 
00167 ,0.300, 0.300, 0.409, 0.000, 0.000 
00168 ,0.300, 0.300, 0.412, 0.000, 0.000 
00169 ,0.300, 0.300, 0.415, 0.000, 0.000 
00170 ,0.300, 0.300, 0.418, 0.000, 0.000 
00171 ,0.300, 0.300, 0.421, 0.000, 0.000 
00172 ,0.300, 0.300, 0.424, 0.000, 0.000 
00173 ,0.300, 0.300, 0.427, 0.000, 0.000 
00174 ,0.300, 0.300, 0.430, 0.000, 0.000 
00175 ,0.300, 0.300, 0.433, 0.000, 0.000 
00176 ,0.300, 0.300, 0.436, 0.000, 0.000 
00177 ,0.300, 0.300, 0.439, 0.000, 0.000 
00178 ,0.300, 0.300, 0.442, 0.000, 0.000 
00179 ,0.300, 0.300, 0.445, 0.000, 0.000 
00180 ,0.300, 0.300, 0.448, 0.000, 0.000 
00181 ,0.300, 0.300, 0.451, 0.000, 0.000 
00182 ,0.300, 0.300, 0.454, 0.000, 0.000 
00183 ,0.300, 0.300, 0.457, 0.000, 0.000 
00184 ,0.300, 0.300, 0.460, 0.000, 0.000 
00185 ,0.300, 0.300, 0.463, 0.000, 0.000 
00186 ,0.300, 0.300, 0.466, 0.000, 0.000 
00187 ,0.300, 0.300, 0.469, 0.000, 0.000 
00188 ,0.300, 0.300, 0.472, 0.000, 0.000 
00189 ,0.300, 0.300, 0.475, 0.000, 0.000 
00190 ,0.300, 0.300, 0.478, 0.000, 0.000 
00191 ,0.300, 0.300, 0.481, 0.000, 0.000 
00192 ,0.300, 0.300, 0.484, 0.000, 0.000 
00193 ,0.300, 0.300, 0.490, 0.000, 0.000 
00194 ,0.300, 0.300, 0.493, 0.000, 0.000 
00195 ,0.300, 0.300, 0.496, 0.000, 0.000 
00196 ,0.300, 0.300, 0.499, 0.000, 0.000 
00197 ,0.300, 0.300, 0.502, 0.000, 0.000 
00198 ,0.300, 0.300, 0.505, 0.000, 0.000 
00199 ,0.300, 0.300, 0.508, 0.000, 0.000 
00200 ,0.300, 0.300, 0.511, 0.000, 0.000 
00201 ,0.300, 0.300, 0.514, 0.000, 0.000 
00202 ,0.300, 0.300, 0.520, 0.000, 0.000 
00203 ,0.300, 0.300, 0.523, 0.000, 0.000 
00204 ,0.300, 0.300, 0.526, 0.000, 0.000 
00205 ,0.300, 0.300, 0.529, 0.000, 0.000 
00206 ,0.300, 0.300, 0.532, 0.000, 0.000 
00207 ,0.300, 0.300, 0.535, 0.000, 0.000 
00208 ,0.300, 0.300, 0.538, 0.000, 0.000 
00209 ,0.300, 0.300, 0.541, 0.000, 0.000 
00210 ,0.300, 0.300, 0.544, 0.000, 0.000 
00211 ,0.300, 0.300, 0.547, 0.000, 0.000 
00212 ,0.300, 0.300, 0.550, 0.000, 0.000 
00213 ,0.300, 0.300, 0.553, 0.000, 0.000 
00214 ,0.300, 0.300, 0.556, 0.000, 0.000 
00215 ,0.300, 0.300, 0.559, 0.000, 0.000 
00216 ,0.300, 0.300, 0.562, 0.000, 0.000 
00217 ,0.300, 0.300, 0.565, 0.000, 0.000 
00218 ,0.300, 0.300, 0.568, 0.000, 0.000 
00219 ,0.300, 0.300, 0.571, 0.000, 0.000 
00220 ,0.300, 0.300, 0.574, 0.000, 0.000 
00221 ,0.300, 0.300, 0.577, 0.000, 0.000 
00222 ,0.300, 0.300, 0.580, 0.000, 0.000 
00223 ,0.300, 0.300, 0.583, 0.000, 0.000 
00224 ,0.300, 0.300, 0.586, 0.000, 0.000 
00225 ,0.300, 0.300, 0.589, 0.000, 0.000 
00226 ,0.300, 0.300, 0.592, 0.000, 0.000 
00227 ,0.300, 0.300, 0.595, 0.000, 0.000 
00228 ,0.300, 0.300, 0.598, 0.000, 0.000 
00229 ,0.300, 0.300, 0.601, 0.000, 0.000 
00230 ,0.300, 0.300, 0.604, 0.000, 0.000 
00231 ,0.300, 0.300, 0.607, 0.000, 0.000 
00232 ,0.300, 0.300, 0.610, 0.000, 0.000 
00233 ,0.300, 0.300, 0.613, 0.000, 0.000 
00234 ,0.300, 0.300, 0.616, 0.000, 0.000 
00235 ,0.300, 0.300, 0.619, 0.000, 0.000 
00236 ,0.300, 0.300, 0.622, 0.000, 0.000 
00237 ,0.300, 0.300, 0.625, 0.000, 0.000 
00238 ,0.300, 0.300, 0.628, 0.000, 0.000 
00239 ,0.300, 0.300, 0.631, 0.000, 0.000 
00240 ,0.300, 0.300, 0.634, 0.000, 0.000 
00241 ,0.300, 0.300, 0.637, 0.000, 0.000 
00242 ,0.300, 0.300, 0.640, 0.000, 0.000 
00243 ,0.300, 0.300, 0.643, 0.000, 0.000 
00244 ,0.300, 0.300, 0.646, 0.000, 0.000 
00245 ,0.300, 0.300, 0.649, 0.000, 0.000 
00246 ,0.300, 0.300, 0.652, 0.000, 0.000 
00247 ,0.300, 0.300, 0.655, 0.000, 0.000 
00248 ,0.300, 0.300, 0.658, 0.000, 0.000 
00249 ,0.300, 0.300, 0.661, 0.000, 0.000 
00250 ,0.300, 0.300, 0.664, 0.000, 0.000 
00251 ,0.300, 0.300, 0.667, 0.000, 0.000 
00252 ,0.300, 0.300, 0.670, 0.000, 0.000 
00253 ,0.300, 0.300, 0.673, 0.000, 0.000 
00254 ,0.300, 0.300, 0.676, 0.000, 0.000 
00255 ,0.300, 0.300, 0.679, 0.000, 0.000 
00256 ,0.300, 0.300, 0.682, 0.000, 0.000 
00257 ,0.300, 0.300, 0.685, 0.000, 0.000 
00258 ,0.300, 0.300, 0.688, 0.000, 0.000 
00259 ,0.300, 0.300, 0.691, 0.000, 0.000 
00260 ,0.300, 0.300, 0.694, 0.000, 0.000 
00261 ,0.300, 0.300, 0.697, 0.000, 0.000 
00262 ,0.300, 0.300, 0.700, 0.000, 0.000 
00263 ,0.300, 0.300, 0.703, 0.000, 0.000 
00264 ,0.300, 0.300, 0.706, 0.000, 0.000 
00265 ,0.300, 0.300, 0.709, 0.000, 0.000 
00266 ,0.300, 0.300, 0.712, 0.000, 0.000 
00267 ,0.300, 0.300, 0.715, 0.000, 0.000 
00268 ,0.300, 0.300, 0.718, 0.000, 0.000 
00269 ,0.300, 0.300, 0.721, 0.000, 0.000 
00270 ,0.300, 0.300, 0.724, 0.000, 0.000 
00271 ,0.300, 0.300, 0.727, 0.000, 0.000 
00272 ,0.300, 0.300, 0.730, 0.000, 0.000 
00273 ,0.300, 0.300, 0.733, 0.000, 0.000 
00274 ,0.300, 0.300, 0.736, 0.000, 0.000 
00275 ,0.300, 0.300, 0.739, 0.000, 0.000 
00276 ,0.300, 0.300, 0.742, 0.000, 0.000 
00277 ,0.300, 0.300, 0.745, 0.000, 0.000 
00278 ,0.300, 0.300, 0.748, 0.000, 0.000 
00279 ,0.300, 0.300, 0.751, 0.000, 0.000 
00280 ,0.300, 0.300, 0.754, 0.000, 0.000 
00281 ,0.300, 0.300, 0.757, 0.000, 0.000 
00282 ,0.300, 0.300, 0.760, 0.000, 0.000 
00283 ,0.300, 0.300, 0.763, 0.000, 0.000 
00284 ,0.300, 0.300, 0.766, 0.000, 0.000 
00285 ,0.300, 0.300, 0.769, 0.000, 0.000 
00286 ,0.300, 0.300, 0.772, 0.000, 0.000 
00287 ,0.300, 0.300, 0.775, 0.000, 0.000 
00288 ,0.300, 0.300, 0.778, 0.000, 0.000 
00289 ,0.300, 0.300, 0.781, 0.000, 0.000 
00290 ,0.300, 0.300, 0.784, 0.000, 0.000 
00291 ,0.300, 0.300, 0.787, 0.000, 0.000 
00292 ,0.300, 0.300, 0.790, 0.000, 0.000 
00293 ,0.300, 0.300, 0.793, 0.000, 0.000 
00294 ,0.300, 0.300, 0.796, 0.000, 0.000 
00295 ,0.300, 0.300, 0.799, 0.000, 0.000 
00296 ,0.300, 0.300, 0.802, 0.000, 0.000 
00297 ,0.300, 0.300, 0.805, 0.000, 0.000 
00298 ,0.300, 0.300, 0.808, 0.000, 0.000 
00299 ,0.300, 0.300, 0.811, 0.000, 0.000 
00300 ,0.300, 0.300, 0.814, 0.000, 0.000 
00301 ,0.300, 0.300, 0.817, 0.000, 0.000 
00302 ,0.300, 0.300, 0.820, 0.000, 0.000 
00303 ,0.300, 0.300, 0.823, 0.000, 0.000 
00304 ,0.300, 0.300, 0.826, 0.000, 0.000 
00305 ,0.300, 0.300, 0.829, 0.000, 0.000 
00306 ,0.300, 0.300, 0.832, 0.000, 0.000 
00307 ,0.300, 0.300, 0.835, 0.000, 0.000 
00308 ,0.300, 0.300, 0.838, 0.000, 0.000 
00309 ,0.300, 0.300, 0.841, 0.000, 0.000 
00310 ,0.300, 0.300, 0.844, 0.000, 0.000 
00311 ,0.300, 0.300, 0.847, 0.000, 0.000 
00312 ,0.300, 0.300, 0.850, 0.000, 0.000 
00313 ,0.300, 0.300, 0.853, 0.000, 0.000 
00314 ,0.300, 0.300, 0.856, 0.000, 0.000 
00315 ,0.300, 0.300, 0.859, 0.000, 0.000 
00316 ,0.300, 0.300, 0.862, 0.000, 0.000 
00317 ,0.300, 0.300, 0.865, 0.000, 0.000 
00318 ,0.300, 0.300, 0.868, 0.000, 0.000 
00319 ,0.300, 0.300, 0.871, 0.000, 0.000 
00320 ,0.300, 0.300, 0.874, 0.000, 0.000 
00321 ,0.300, 0.300, 0.877, 0.000, 0.000 
00322 ,0.300, 0.300, 0.880, 0.000, 0.000 
00323 ,0.300, 0.300, 0.883, 0.000, 0.000 
00324 ,0.300, 0.300, 0.886, 0.000, 0.000 
00325 ,0.300, 0.300, 0.889, 0.000, 0.000 
00326 ,0.300, 0.300, 0.892, 0.000, 0.000 
00327 ,0.300, 0.300, 0.895, 0.000, 0.000 
00328 ,0.300, 0.300, 0.898, 0.000, 0.000 
00329 ,0.300, 0.300, 0.901, 0.000, 0.000 
00330 ,0.300, 0.300, 0.904, 0.000, 0.000 
00331 ,0.300, 0.300, 0.907, 0.000, 0.000 
00332 ,0.300, 0.300, 0.910, 0.000, 0.000 
00333 ,0.300, 0.300, 0.913, 0.000, 0.000 
00334 ,0.295, 0.295, 0.916, 0.000, 0.000 
00335 ,0.290, 0.290, 0.919, 0.000, 0.000 
00336 ,0.285, 0.285, 0.921, 0.000, 0.000 
00337 ,0.280, 0.280, 0.924, 0.000, 0.000 
00338 ,0.275, 0.275, 0.927, 0.000, 0.000 
00339 ,0.270, 0.270, 0.930, 0.000, 0.000 
00340 ,0.265, 0.265, 0.932, 0.000, 0.000 
00341 ,0.260, 0.260, 0.935, 0.000, 0.000 
00342 ,0.255, 0.255, 0.938, 0.000, 0.000 
00343 ,0.250, 0.250, 0.940, 0.000, 0.000 
00344 ,0.245, 0.245, 0.943, 0.000, 0.000 
00345 ,0.240, 0.240, 0.945, 0.000, 0.000 
00346 ,0.235, 0.235, 0.947, 0.000, 0.000 
00347 ,0.230, 0.230, 0.950, 0.000, 0.000 
00348 ,0.225, 0.225, 0.952, 0.000, 0.000 
00349 ,0.220, 0.220, 0.954, 0.000, 0.000 
00350 ,0.215, 0.215, 0.956, 0.000, 0.000 
00351 ,0.210, 0.210, 0.959, 0.000, 0.000 
00352 ,0.205, 0.205, 0.961, 0.000, 0.000 
00353 ,0.200, 0.200, 0.963, 0.000, 0.000 
00354 ,0.195, 0.195, 0.965, 0.000, 0.000 
00355 ,0.190, 0.190, 0.967, 0.000, 0.000 
00356 ,0.185, 0.185, 0.968, 0.000, 0.000 
00357 ,0.180, 0.180, 0.970, 0.000, 0.000 
00358 ,0.175, 0.175, 0.972, 0.000, 0.000 
00359 ,0.170, 0.170, 0.974, 0.000, 0.000 
00360 ,0.165, 0.165, 0.975, 0.000, 0.000 
00361 ,0.160, 0.160, 0.977, 0.000, 0.000 
00362 ,0.155, 0.155, 0.979, 0.000, 0.000 
00363 ,0.150, 0.150, 0.980, 0.000, 0.000 
00364 ,0.145, 0.145, 0.982, 0.000, 0.000 
00365 ,0.140, 0.140, 0.983, 0.000, 0.000 
00366 ,0.135, 0.135, 0.984, 0.000, 0.000 
00367 ,0.130, 0.130, 0.986, 0.000, 0.000 
00368 ,0.125, 0.125, 0.987, 0.000, 0.000 
00369 ,0.120, 0.120, 0.988, 0.000, 0.000 
00370 ,0.115, 0.115, 0.989, 0.000, 0.000 
00371 ,0.110, 0.110, 0.992, 0.000, 0.000 
00372 ,0.105, 0.105, 0.993, 0.000, 0.000 
00373 ,0.100, 0.100, 0.994, 0.000, 0.000 
00374 ,0.095, 0.095, 0.995, 0.000, 0.000 
00375 ,0.090, 0.090, 0.996, 0.000, 0.000 
00376 ,0.085, 0.085, 0.997, 0.000, 0.000 
00377 ,0.080, 0.080, 0.997, 0.000, 0.000 
00378 ,0.075, 0.075, 0.998, 0.000, 0.000 
00379 ,0.070, 0.070, 0.999, 0.000, 0.000 
00380 ,0.065, 0.065, 1.000, 0.000, 0.000 
00381 ,0.060, 0.060, 1.000, 0.000, 0.000 
00382 ,0.000, 0.000, 1.001, 0.000, 0.000 
00000 ,0.000, 0.000, 1.001, 0.000, 0.000 
00001 ,0.005, -0.005, 1.001, 0.000, 0.000 
00002 ,0.010, -0.010, 1.001, 0.000, 0.000 
00003 ,0.015, -0.015, 1.001, 0.000, 0.000 
00004 ,0.020, -0.020, 1.001, 0.000, -0.000 
00005 ,0.025, -0.025, 1.001, 0.000, -0.001 
00006 ,0.030, -0.030, 1.001, 0.000, -0.004 
00007 ,0.035, -0.035, 1.001, 0.000, -0.006 
00008 ,0.040, -0.040, 1.001, 0.000, -0.008 
00009 ,0.045, -0.045, 1.001, 0.000, -0.010 
00010 ,0.050, -0.050, 1.001, 0.000, -0.013 
00011 ,0.055, -0.055, 1.001, 0.000, -0.017 
00012 ,0.060, -0.060, 1.001, 0.000, -0.020 
00013 ,0.065, -0.065, 1.001, 0.000, -0.024 
00014 ,0.070, -0.070, 1.001, 0.000, -0.028 
00015 ,0.075, -0.075, 1.001, 0.000, -0.033 
00016 ,0.080, -0.080, 1.001, 0.000, -0.037 
00017 ,0.085, -0.085, 1.001, 0.000, -0.043 
00018 ,0.090, -0.090, 1.001, 0.000, -0.049 
00019 ,0.095, -0.095, 1.001, 0.000, -0.055 
00020 ,0.100, -0.100, 1.001, 0.000, -0.062 
00021 ,0.105, -0.105, 1.001, 0.000, -0.069 
00022 ,0.110, -0.110, 1.001, 0.000, -0.076 
00023 ,0.115, -0.115, 1.001, 0.000, -0.084 
00024 ,0.120, -0.120, 1.001, 0.000, -0.093 
00025 ,0.125, -0.125, 1.001, 0.000, -0.101 
00026 ,0.130, -0.130, 1.001, 0.000, -0.110 
00027 ,0.135, -0.135, 1.001, 0.000, -0.119 
00028 ,0.140, -0.140, 1.001, 0.000, -0.139 
00029 ,0.145, -0.145, 1.001, 0.000, -0.150 
00030 ,0.150, -0.150, 1.001, 0.000, -0.160 
00031 ,0.150, -0.150, 1.001, 0.000, -0.171 
00032 ,0.150, -0.150, 1.001, 0.000, -0.182 
00033 ,0.150, -0.150, 1.001, 0.000, -0.194 
00034 ,0.150, -0.150, 1.001, 0.000, -0.206 
00035 ,0.150, -0.150, 1.001, 0.000, -0.217 
00036 ,0.150, -0.150, 1.001, 0.000, -0.229 
00037 ,0.150, -0.150, 1.001, 0.000, -0.240 
00038 ,0.150, -0.150, 1.001, 0.000, -0.252 
00039 ,0.150, -0.150, 1.001, 0.000, -0.263 
00040 ,0.150, -0.150, 1.001, 0.000, -0.275 
00041 ,0.150, -0.150, 1.001, 0.000, -0.286 
00042 ,0.150, -0.150, 1.001, 0.000, -0.298 
00043 ,0.150, -0.150, 1.001, 0.000, -0.310 
00044 ,0.150, -0.150, 1.001, 0.000, -0.321 
00045 ,0.150, -0.150, 1.001, 0.000, -0.333 
00046 ,0.150, -0.150, 1.001, 0.000, -0.344 
00047 ,0.150, -0.150, 1.001, 0.000, -0.367 
00048 ,0.150, -0.150, 1.001, 0.000, -0.379 
00049 ,0.150, -0.150, 1.001, 0.000, -0.390 
00050 ,0.150, -0.150, 1.001, 0.000, -0.402 
00051 ,0.150, -0.150, 1.001, 0.000, -0.413 
00052 ,0.150, -0.150, 1.001, 0.000, -0.425 
00053 ,0.150, -0.150, 1.001, 0.000, -0.437 
00054 ,0.150, -0.150, 1.001, 0.000, -0.471 
00055 ,0.150, -0.150, 1.001, 0.000, -0.483 
00056 ,0.150, -0.150, 1.001, 0.000, -0.494 
00057 ,0.150, -0.150, 1.001, 0.000, -0.506 
00058 ,0.150, -0.150, 1.001, 0.000, -0.517 
00059 ,0.150, -0.150, 1.001, 0.000, -0.529 
00060 ,0.150, -0.150, 1.001, 0.000, -0.540 
00061 ,0.150, -0.150, 1.001, 0.000, -0.552 
00062 ,0.150, -0.150, 1.001, 0.000, -0.563 
00063 ,0.150, -0.150, 1.001, 0.000, -0.575 
00064 ,0.150, -0.150, 1.001, 0.000, -0.586 
00065 ,0.150, -0.150, 1.001, 0.000, -0.598 
00066 ,0.150, -0.150, 1.001, 0.000, -0.610 
00067 ,0.150, -0.150, 1.001, 0.000, -0.621 
00068 ,0.150, -0.150, 1.001, 0.000, -0.632 
00069 ,0.150, -0.150, 1.001, 0.000, -0.644 
00070 ,0.150, -0.150, 1.001, 0.000, -0.656 
00071 ,0.150, -0.150, 1.001, 0.000, -0.667 
00072 ,0.150, -0.150, 1.001, 0.000, -0.679 
00073 ,0.150, -0.150, 1.001, 0.000, -0.690 
00074 ,0.150, -0.150, 1.001, 0.000, -0.702 
00075 ,0.150, -0.150, 1.001, 0.000, -0.713 
00076 ,0.150, -0.150, 1.001, 0.000, -0.725 
00077 ,0.150, -0.150, 1.001, 0.000, -0.736 
00078 ,0.150, -0.150, 1.001, 0.000, -0.748 
00079 ,0.150, -0.150, 1.001, 0.000, -0.760 
00080 ,0.150, -0.150, 1.001, 0.000, -0.771 
00081 ,0.150, -0.150, 1.001, 0.000, -0.783 
00082 ,0.150, -0.150, 1.001, 0.000, -0.794 
00083 ,0.150, -0.150, 1.001, 0.000, -0.806 
00084 ,0.150, -0.150, 1.001, 0.000, -0.817 
00085 ,0.150, -0.150, 1.001, 0.000, -0.829 
00086 ,0.150, -0.150, 1.001, 0.000, -0.840 
00087 ,0.150, -0.150, 1.001, 0.000, -0.852 
00088 ,0.150, -0.150, 1.001, 0.000, -0.863 
00089 ,0.150, -0.150, 1.001, 0.000, -0.875 
00090 ,0.150, -0.150, 1.001, 0.000, -0.887 
00091 ,0.150, -0.150, 1.001, 0.000, -0.898 
00092 ,0.150, -0.150, 1.001, 0.000, -0.921 
00093 ,0.150, -0.150, 1.001, 0.000, -0.933 
00094 ,0.150, -0.150, 1.001, 0.000, -0.944 
00095 ,0.150, -0.150, 1.001, 0.000, -0.956 
00096 ,0.150, -0.150, 1.001, 0.000, -0.967 
00097 ,0.150, -0.150, 1.001, 0.000, -0.979 
00098 ,0.150, -0.150, 1.001, 0.000, -0.990 
00099 ,0.150, -0.150, 1.001, 0.000, -1.002 
00100 ,0.150, -0.150, 1.001, 0.000, -1.013 
00101 ,0.150, -0.150, 1.001, 0.000, -1.036 
00102 ,0.150, -0.150, 1.001, 0.000, -1.048 
00103 ,0.150, -0.150, 1.001, 0.000, -1.060 
00104 ,0.150, -0.150, 1.001, 0.000, -1.071 
00105 ,0.150, -0.150, 1.001, 0.000, -1.083 
00106 ,0.150, -0.150, 1.001, 0.000, -1.094 
00107 ,0.150, -0.150, 1.001, 0.000, -1.106 
00108 ,0.150, -0.150, 1.001, 0.000, -1.117 
00109 ,0.150, -0.150, 1.001, 0.000, -1.129 
00110 ,0.150, -0.150, 1.001, 0.000, -1.140 
00111 ,0.150, -0.150, 1.001, 0.000, -1.152 
00112 ,0.150, -0.150, 1.001, 0.000, -1.163 
00113 ,0.150, -0.150, 1.001, 0.000, -1.175 
00114 ,0.150, -0.150, 1.001, 0.000, -1.186 
00115 ,0.150, -0.150, 1.001, 0.000, -1.198 
00116 ,0.150, -0.150, 1.001, 0.000, -1.210 
00117 ,0.150, -0.150, 1.001, 0.000, -1.221 
00118 ,0.150, -0.150, 1.001, 0.000, -1.233 
00119 ,0.150, -0.150, 1.001, 0.000, -1.244 
00120 ,0.150, -0.150, 1.001, 0.000, -1.267 
00121 ,0.150, -0.150, 1.001, 0.000, -1.279 
00122 ,0.150, -0.150, 1.001, 0.000, -1.290 
00123 ,0.150, -0.150, 1.001, 0.000, -1.302 
00124 ,0.150, -0.150, 1.001, 0.000, -1.313 
00125 ,0.150, -0.150, 1.001, 0.000, -1.325 
00126 ,0.150, -0.150, 1.001, 0.000, -1.337 
00127 ,0.150, -0.150, 1.001, 0.000, -1.348 
00128 ,0.150, -0.150, 1.001, 0.000, -1.359 
00129 ,0.150, -0.150, 1.001, 0.000, -1.371 
00130 ,0.150, -0.150, 1.001, 0.000, -1.383 
00131 ,0.150, -0.150, 1.001, 0.000, -1.394 
00132 ,0.150, -0.150, 1.001, 0.000, -1.405 
00133 ,0.145, -0.145, 1.001, 0.000, -1.417 
00134 ,0.140, -0.140, 1.001, 0.000, -1.429 
00135 ,0.135, -0.135, 1.001, 0.000, -1.439 
00136 ,0.130, -0.130, 1.001, 0.000, -1.450 
00137 ,0.125, -0.125, 1.001, 0.000, -1.459 
00138 ,0.120, -0.120, 1.001, 0.000, -1.469 
00139 ,0.115, -0.115, 1.001, 0.000, -1.478 
00140 ,0.110, -0.110, 1.001, 0.000, -1.486 
00141 ,0.105, -0.105, 1.001, 0.000, -1.495 
00142 ,0.100, -0.100, 1.001, 0.000, -1.502 
00143 ,0.095, -0.095, 1.001, 0.000, -1.510 
00144 ,0.090, -0.090, 1.001, 0.000, -1.517 
00145 ,0.085, -0.085, 1.001, 0.000, -1.524 
00146 ,0.080, -0.080, 1.001, 0.000, -1.530 
00147 ,0.075, -0.075, 1.001, 0.000, -1.536 
00148 ,0.070, -0.070, 1.001, 0.000, -1.542 
00149 ,0.065, -0.065, 1.001, 0.000, -1.547 
00150 ,0.060, -0.060, 1.001, 0.000, -1.552 
00151 ,0.055, -0.055, 1.001, 0.000, -1.560 
00152 ,0.050, -0.050, 1.001, 0.000, -1.564 
00153 ,0.045, -0.045, 1.001, 0.000, -1.568 
00154 ,0.040, -0.040, 1.001, 0.000, -1.571 
00155 ,0.035, -0.035, 1.001, 0.000, -1.574 
00156 ,0.030, -0.030, 1.001, 0.000, -1.577 
00157 ,0.025, -0.025, 1.001, 0.000, -1.579 
00158 ,0.000, 0.000, 1.001, 0.000, -1.580 
00000 ,0.000, 0.000, 1.001, 0.000, -1.582 
00001 ,0.005, 0.005, 1.001, 0.000, -1.582 
00002 ,0.010, 0.010, 1.001, 0.000, -1.582 
00003 ,0.015, 0.015, 1.001, 0.000, -1.582 
00004 ,0.020, 0.020, 1.001, 0.000, -1.582 
00005 ,0.025, 0.025, 1.001, -0.000, -1.582 
00006 ,0.030, 0.030, 1.001, -0.000, -1.582 
00007 ,0.035, 0.035, 1.001, -0.000, -1.582 
00008 ,0.040, 0.040, 1.001, -0.001, -1.582 
00009 ,0.045, 0.045, 1.001, -0.001, -1.582 
00010 ,0.050, 0.050, 1.001, -0.001, -1.582 
00011 ,0.055, 0.055, 1.001, -0.002, -1.582 
00012 ,0.060, 0.060, 1.001, -0.002, -1.582 
00013 ,0.065, 0.065, 1.001, -0.003, -1.582 
00014 ,0.070, 0.070, 1.001, -0.003, -1.582 
00015 ,0.075, 0.075, 1.001, -0.004, -1.582 
00016 ,0.080, 0.080, 1.001, -0.005, -1.582 
00017 ,0.085, 0.085, 1.001, -0.005, -1.582 
00018 ,0.090, 0.090, 1.001, -0.007, -1.582 
00019 ,0.095, 0.095, 1.001, -0.008, -1.582 
00020 ,0.100, 0.100, 1.001, -0.009, -1.582 
00021 ,0.105, 0.105, 1.001, -0.009, -1.582 
00022 ,0.110, 0.110, 1.001, -0.010, -1.582 
00023 ,0.115, 0.115, 1.001, -0.011, -1.582 
00024 ,0.120, 0.120, 1.001, -0.013, -1.582 
00025 ,0.125, 0.125, 1.001, -0.014, -1.582 
00026 ,0.130, 0.130, 1.001, -0.015, -1.582 
00027 ,0.135, 0.135, 1.001, -0.016, -1.582 
00028 ,0.140, 0.140, 1.001, -0.017, -1.582 
00029 ,0.145, 0.145, 1.001, -0.019, -1.582 
00030 ,0.150, 0.150, 1.001, -0.020, -1.582 
00031 ,0.155, 0.155, 1.001, -0.021, -1.582 
00032 ,0.160, 0.160, 1.001, -0.023, -1.582 
00033 ,0.165, 0.165, 1.001, -0.024, -1.582 
00034 ,0.170, 0.170, 1.001, -0.026, -1.582 
00035 ,0.175, 0.175, 1.001, -0.028, -1.582 
00036 ,0.180, 0.180, 1.001, -0.029, -1.582 
00037 ,0.185, 0.185, 1.001, -0.031, -1.582 
00038 ,0.190, 0.190, 1.001, -0.033, -1.582 
00039 ,0.195, 0.195, 1.001, -0.035, -1.582 
00040 ,0.200, 0.200, 1.001, -0.037, -1.582 
00041 ,0.205, 0.205, 1.001, -0.038, -1.582 
00042 ,0.210, 0.210, 1.001, -0.040, -1.582 
00043 ,0.215, 0.215, 1.001, -0.042, -1.582 
00044 ,0.220, 0.220, 1.001, -0.045, -1.582 
00045 ,0.225, 0.225, 1.001, -0.047, -1.582 
00046 ,0.230, 0.230, 1.001, -0.049, -1.582 
00047 ,0.235, 0.235, 1.001, -0.051, -1.582 
00048 ,0.240, 0.240, 1.001, -0.053, -1.582 
00049 ,0.245, 0.245, 1.001, -0.056, -1.582 
00050 ,0.250, 0.250, 1.001, -0.058, -1.582 
00051 ,0.255, 0.255, 1.001, -0.060, -1.582 
00052 ,0.260, 0.260, 1.001, -0.063, -1.582 
00053 ,0.265, 0.265, 1.001, -0.065, -1.582 
00054 ,0.270, 0.270, 1.001, -0.068, -1.582 
00055 ,0.275, 0.275, 1.000, -0.071, -1.582 
00056 ,0.280, 0.280, 1.000, -0.073, -1.582 
00057 ,0.285, 0.285, 1.000, -0.076, -1.582 
00058 ,0.290, 0.290, 1.000, -0.079, -1.582 
00059 ,0.295, 0.295, 1.000, -0.082, -1.582 
00060 ,0.300, 0.300, 1.000, -0.085, -1.582 
00061 ,0.300, 0.300, 1.000, -0.087, -1.582 
00062 ,0.300, 0.300, 1.000, -0.090, -1.582 
00063 ,0.300, 0.300, 1.000, -0.093, -1.582 
00064 ,0.300, 0.300, 1.000, -0.096, -1.582 
00065 ,0.300, 0.300, 1.000, -0.099, -1.582 
00066 ,0.300, 0.300, 1.000, -0.102, -1.582 
00067 ,0.300, 0.300, 1.000, -0.105, -1.582 
00068 ,0.300, 0.300, 1.000, -0.108, -1.582 
00069 ,0.300, 0.300, 1.000, -0.111, -1.582 
00070 ,0.300, 0.300, 1.000, -0.114, -1.582 
00071 ,0.300, 0.300, 1.000, -0.117, -1.582 
00072 ,0.300, 0.300, 1.000, -0.120, -1.582 
00073 ,0.300, 0.300, 1.000, -0.123, -1.582 
00074 ,0.300, 0.300, 1.000, -0.126, -1.582 
00075 ,0.300, 0.300, 1.000, -0.129, -1.582 
00076 ,0.300, 0.300, 1.000, -0.132, -1.582 
00077 ,0.300, 0.300, 1.000, -0.135, -1.582 
00078 ,0.300, 0.300, 1.000, -0.138, -1.582 
00079 ,0.300, 0.300, 1.000, -0.141, -1.582 
00080 ,0.300, 0.300, 1.000, -0.144, -1.582 
00081 ,0.300, 0.300, 1.000, -0.147, -1.582 
00082 ,0.300, 0.300, 1.000, -0.150, -1.582 
00083 ,0.300, 0.300, 1.000, -0.153, -1.582 
00084 ,0.300, 0.300, 1.000, -0.156, -1.582 
00085 ,0.300, 0.300, 0.999, -0.159, -1.582 
00086 ,0.300, 0.300, 0.999, -0.162, -1.582 
00087 ,0.300, 0.300, 0.999, -0.165, -1.582 
00088 ,0.300, 0.300, 0.999, -0.168, -1.582 
00089 ,0.300, 0.300, 0.999, -0.171, -1.582 
00090 ,0.300, 0.300, 0.999, -0.174, -1.582 
00091 ,0.300, 0.300, 0.999, -0.177, -1.582 
00092 ,0.300, 0.300, 0.999, -0.180, -1.582 
00093 ,0.300, 0.300, 0.999, -0.183, -1.582 
00094 ,0.300, 0.300, 0.999, -0.186, -1.582 
00095 ,0.300, 0.300, 0.999, -0.189, -1.582 
00096 ,0.300, 0.300, 0.999, -0.192, -1.582 
00097 ,0.300, 0.300, 0.999, -0.198, -1.582 
00098 ,0.300, 0.300, 0.999, -0.201, -1.582 
00099 ,0.300, 0.300, 0.999, -0.204, -1.582 
00100 ,0.300, 0.300, 0.999, -0.207, -1.582 
00101 ,0.300, 0.300, 0.999, -0.210, -1.582 
00102 ,0.300, 0.300, 0.999, -0.213, -1.582 
00103 ,0.300, 0.300, 0.999, -0.216, -1.582 
00104 ,0.300, 0.300, 0.999, -0.219, -1.582 
00105 ,0.300, 0.300, 0.999, -0.222, -1.582 
00106 ,0.300, 0.300, 0.999, -0.225, -1.582 
00107 ,0.300, 0.300, 0.999, -0.228, -1.582 
00108 ,0.300, 0.300, 0.999, -0.231, -1.582 
00109 ,0.300, 0.300, 0.999, -0.234, -1.582 
00110 ,0.300, 0.300, 0.999, -0.237, -1.582 
00111 ,0.300, 0.300, 0.999, -0.240, -1.582 
00112 ,0.300, 0.300, 0.999, -0.243, -1.582 
00113 ,0.300, 0.300, 0.998, -0.246, -1.582 
00114 ,0.300, 0.300, 0.998, -0.249, -1.582 
00115 ,0.300, 0.300, 0.998, -0.252, -1.582 
00116 ,0.300, 0.300, 0.998, -0.255, -1.582 
00117 ,0.300, 0.300, 0.998, -0.261, -1.582 
00118 ,0.300, 0.300, 0.998, -0.264, -1.582 
00119 ,0.300, 0.300, 0.998, -0.267, -1.582 
00120 ,0.300, 0.300, 0.998, -0.270, -1.582 
00121 ,0.300, 0.300, 0.998, -0.273, -1.582 
00122 ,0.300, 0.300, 0.998, -0.276, -1.582 
00123 ,0.300, 0.300, 0.998, -0.279, -1.582 
00124 ,0.300, 0.300, 0.998, -0.282, -1.582 
00125 ,0.300, 0.300, 0.998, -0.285, -1.582 
00126 ,0.300, 0.300, 0.998, -0.288, -1.582 
00127 ,0.300, 0.300, 0.998, -0.291, -1.582 
00128 ,0.300, 0.300, 0.998, -0.294, -1.582 
00129 ,0.300, 0.300, 0.998, -0.297, -1.582 
00130 ,0.300, 0.300, 0.998, -0.300, -1.582 
00131 ,0.300, 0.300, 0.998, -0.303, -1.582 
00132 ,0.300, 0.300, 0.998, -0.306, -1.582 
00133 ,0.300, 0.300, 0.998, -0.309, -1.582 
00134 ,0.300, 0.300, 0.998, -0.312, -1.582 
00135 ,0.300, 0.300, 0.998, -0.315, -1.582 
00136 ,0.300, 0.300, 0.998, -0.318, -1.582 
00137 ,0.300, 0.300, 0.998, -0.321, -1.582 
00138 ,0.300, 0.300, 0.998, -0.324, -1.582 
00139 ,0.300, 0.300, 0.998, -0.327, -1.582 
00140 ,0.300, 0.300, 0.998, -0.330, -1.582 
00141 ,0.300, 0.300, 0.997, -0.333, -1.582 
00142 ,0.300, 0.300, 0.997, -0.336, -1.582 
00143 ,0.300, 0.300, 0.997, -0.339, -1.582 
00144 ,0.300, 0.300, 0.997, -0.342, -1.582 
00145 ,0.300, 0.300, 0.997, -0.345, -1.582 
00146 ,0.300, 0.300, 0.997, -0.348, -1.582 
00147 ,0.300, 0.300, 0.997, -0.351, -1.582 
00148 ,0.300, 0.300, 0.997, -0.354, -1.582 
00149 ,0.300, 0.300, 0.997, -0.357, -1.582 
00150 ,0.300, 0.300, 0.997, -0.360, -1.582 
00151 ,0.300, 0.300, 0.997, -0.363, -1.582 
00152 ,0.300, 0.300, 0.997, -0.366, -1.582 
00153 ,0.300, 0.300, 0.997, -0.369, -1.582 
00154 ,0.300, 0.300, 0.997, -0.372, -1.582 
00155 ,0.300, 0.300, 0.997, -0.375, -1.582 
00156 ,0.300, 0.300, 0.997, -0.378, -1.582 
00157 ,0.300, 0.300, 0.997, -0.381, -1.582 
00158 ,0.300, 0.300, 0.997, -0.384, -1.582 
00159 ,0.300, 0.300, 0.997, -0.387, -1.582 
00160 ,0.300, 0.300, 0.997, -0.390, -1.582 
00161 ,0.300, 0.300, 0.997, -0.393, -1.582 
00162 ,0.300, 0.300, 0.997, -0.396, -1.582 
00163 ,0.300, 0.300, 0.997, -0.399, -1.582 
00164 ,0.300, 0.300, 0.997, -0.402, -1.582 
00165 ,0.300, 0.300, 0.997, -0.405, -1.582 
00166 ,0.300, 0.300, 0.997, -0.408, -1.582 
00167 ,0.300, 0.300, 0.997, -0.417, -1.582 
00168 ,0.300, 0.300, 0.997, -0.420, -1.582 
00169 ,0.300, 0.300, 0.996, -0.423, -1.582 
00170 ,0.300, 0.300, 0.996, -0.426, -1.582 
00171 ,0.300, 0.300, 0.996, -0.429, -1.582 
00172 ,0.300, 0.300, 0.996, -0.432, -1.582 
00173 ,0.300, 0.300, 0.996, -0.435, -1.582 
00174 ,0.300, 0.300, 0.996, -0.438, -1.582 
00175 ,0.300, 0.300, 0.996, -0.441, -1.582 
00176 ,0.300, 0.300, 0.996, -0.444, -1.582 
00177 ,0.300, 0.300, 0.996, -0.447, -1.582 
00178 ,0.300, 0.300, 0.996, -0.450, -1.582 
00179 ,0.300, 0.300, 0.996, -0.453, -1.582 
00180 ,0.300, 0.300, 0.996, -0.456, -1.582 
00181 ,0.300, 0.300, 0.996, -0.459, -1.582 
00182 ,0.300, 0.300, 0.996, -0.462, -1.582 
00183 ,0.300, 0.300, 0.996, -0.465, -1.582 
00184 ,0.300, 0.300, 0.996, -0.468, -1.582 
00185 ,0.300, 0.300, 0.996, -0.471, -1.582 
00186 ,0.300, 0.300, 0.996, -0.474, -1.582 
00187 ,0.300, 0.300, 0.996, -0.477, -1.582 
00188 ,0.300, 0.300, 0.996, -0.480, -1.582 
00189 ,0.300, 0.300, 0.996, -0.483, -1.582 
00190 ,0.300, 0.300, 0.996, -0.486, -1.582 
00191 ,0.300, 0.300, 0.996, -0.489, -1.582 
00192 ,0.300, 0.300, 0.996, -0.492, -1.582 
00193 ,0.300, 0.300, 0.996, -0.495, -1.582 
00194 ,0.300, 0.300, 0.996, -0.498, -1.582 
00195 ,0.300, 0.300, 0.996, -0.501, -1.582 
00196 ,0.300, 0.300, 0.996, -0.504, -1.582 
00197 ,0.300, 0.300, 0.996, -0.507, -1.582 
00198 ,0.300, 0.300, 0.995, -0.510, -1.582 
00199 ,0.300, 0.300, 0.995, -0.513, -1.582 
00200 ,0.300, 0.300, 0.995, -0.516, -1.582 
00201 ,0.300, 0.300, 0.995, -0.519, -1.582 
00202 ,0.300, 0.300, 0.995, -0.522, -1.582 
00203 ,0.300, 0.300, 0.995, -0.525, -1.582 
00204 ,0.300, 0.300, 0.995, -0.528, -1.582 
00205 ,0.300, 0.300, 0.995, -0.531, -1.582 
00206 ,0.300, 0.300, 0.995, -0.534, -1.582 
00207 ,0.300, 0.300, 0.995, -0.537, -1.582 
00208 ,0.300, 0.300, 0.995, -0.540, -1.582 
00209 ,0.300, 0.300, 0.995, -0.543, -1.582 
00210 ,0.300, 0.300, 0.995, -0.546, -1.582 
00211 ,0.300, 0.300, 0.995, -0.549, -1.582 
00212 ,0.300, 0.300, 0.995, -0.552, -1.582 
00213 ,0.300, 0.300, 0.995, -0.555, -1.582 
00214 ,0.300, 0.300, 0.995, -0.558, -1.582 
00215 ,0.300, 0.300, 0.995, -0.561, -1.582 
00216 ,0.300, 0.300, 0.995, -0.564, -1.582 
00217 ,0.300, 0.300, 0.995, -0.567, -1.582 
00218 ,0.300, 0.300, 0.995, -0.570, -1.582 
00219 ,0.300, 0.300, 0.995, -0.573, -1.582 
00220 ,0.300, 0.300, 0.995, -0.576, -1.582 
00221 ,0.300, 0.300, 0.995, -0.579, -1.582 
00222 ,0.300, 0.300, 0.995, -0.582, -1.582 
00223 ,0.300, 0.300, 0.995, -0.588, -1.582 
00224 ,0.300, 0.300, 0.995, -0.591, -1.582 
00225 ,0.300, 0.300, 0.995, -0.594, -1.582 
00226 ,0.300, 0.300, 0.994, -0.597, -1.582 
00227 ,0.300, 0.300, 0.994, -0.600, -1.582 
00228 ,0.300, 0.300, 0.994, -0.603, -1.582 
00229 ,0.300, 0.300, 0.994, -0.606, -1.582 
00230 ,0.300, 0.300, 0.994, -0.609, -1.582 
00231 ,0.300, 0.300, 0.994, -0.612, -1.582 
00232 ,0.300, 0.300, 0.994, -0.615, -1.582 
00233 ,0.300, 0.300, 0.994, -0.618, -1.582 
00234 ,0.300, 0.300, 0.994, -0.621, -1.582 
00235 ,0.300, 0.300, 0.994, -0.624, -1.582 
00236 ,0.300, 0.300, 0.994, -0.627, -1.582 
00237 ,0.300, 0.300, 0.994, -0.630, -1.582 
00238 ,0.300, 0.300, 0.994, -0.633, -1.582 
00239 ,0.300, 0.300, 0.994, -0.636, -1.582 
00240 ,0.300, 0.300, 0.994, -0.639, -1.582 
00241 ,0.300, 0.300, 0.994, -0.642, -1.582 
00242 ,0.300, 0.300, 0.994, -0.645, -1.582 
00243 ,0.300, 0.300, 0.994, -0.648, -1.582 
00244 ,0.300, 0.300, 0.994, -0.651, -1.582 
00245 ,0.300, 0.300, 0.994, -0.654, -1.582 
00246 ,0.300, 0.300, 0.994, -0.657, -1.582 
00247 ,0.300, 0.300, 0.994, -0.660, -1.582 
00248 ,0.300, 0.300, 0.994, -0.663, -1.582 
00249 ,0.300, 0.300, 0.994, -0.666, -1.582 
00250 ,0.300, 0.300, 0.994, -0.669, -1.582 
00251 ,0.300, 0.300, 0.994, -0.672, -1.582 
00252 ,0.300, 0.300, 0.994, -0.675, -1.582 
00253 ,0.300, 0.300, 0.994, -0.678, -1.582 
00254 ,0.300, 0.300, 0.994, -0.681, -1.582 
00255 ,0.300, 0.300, 0.993, -0.684, -1.582 
00256 ,0.300, 0.300, 0.993, -0.687, -1.582 
00257 ,0.300, 0.300, 0.993, -0.690, -1.582 
00258 ,0.300, 0.300, 0.993, -0.693, -1.582 
00259 ,0.300, 0.300, 0.993, -0.696, -1.582 
00260 ,0.300, 0.300, 0.993, -0.699, -1.582 
00261 ,0.300, 0.300, 0.993, -0.702, -1.582 
00262 ,0.300, 0.300, 0.993, -0.708, -1.582 
00263 ,0.300, 0.300, 0.993, -0.711, -1.582 
00264 ,0.300, 0.300, 0.993, -0.714, -1.582 
00265 ,0.300, 0.300, 0.993, -0.717, -1.582 
00266 ,0.300, 0.300, 0.993, -0.720, -1.582 
00267 ,0.300, 0.300, 0.993, -0.723, -1.582 
00268 ,0.300, 0.300, 0.993, -0.726, -1.582 
00269 ,0.300, 0.300, 0.993, -0.729, -1.582 
00270 ,0.300, 0.300, 0.993, -0.732, -1.582 
00271 ,0.300, 0.300, 0.993, -0.738, -1.582 
00272 ,0.300, 0.300, 0.993, -0.741, -1.582 
00273 ,0.300, 0.300, 0.993, -0.744, -1.582 
00274 ,0.300, 0.300, 0.993, -0.747, -1.582 
00275 ,0.300, 0.300, 0.993, -0.750, -1.582 
00276 ,0.300, 0.300, 0.993, -0.753, -1.582 
00277 ,0.300, 0.300, 0.993, -0.756, -1.582 
00278 ,0.300, 0.300, 0.993, -0.759, -1.582 
00279 ,0.300, 0.300, 0.993, -0.762, -1.582 
00280 ,0.300, 0.300, 0.993, -0.765, -1.582 
00281 ,0.300, 0.300, 0.993, -0.768, -1.582 
00282 ,0.300, 0.300, 0.993, -0.771, -1.582 
00283 ,0.300, 0.300, 0.992, -0.774, -1.582 
00284 ,0.300, 0.300, 0.992, -0.777, -1.582 
00285 ,0.300, 0.300, 0.992, -0.780, -1.582 
00286 ,0.300, 0.300, 0.992, -0.783, -1.582 
00287 ,0.300, 0.300, 0.992, -0.786, -1.582 
00288 ,0.300, 0.300, 0.992, -0.789, -1.582 
00289 ,0.300, 0.300, 0.992, -0.792, -1.582 
00290 ,0.300, 0.300, 0.992, -0.795, -1.582 
00291 ,0.300, 0.300, 0.992, -0.798, -1.582 
00292 ,0.300, 0.300, 0.992, -0.801, -1.582 
00293 ,0.300, 0.300, 0.992, -0.804, -1.582 
00294 ,0.300, 0.300, 0.992, -0.807, -1.582 
00295 ,0.300, 0.300, 0.992, -0.810, -1.582 
00296 ,0.300, 0.300, 0.992, -0.813, -1.582 
00297 ,0.300, 0.300, 0.992, -0.816, -1.582 
00298 ,0.300, 0.300, 0.992, -0.819, -1.582 
00299 ,0.300, 0.300, 0.992, -0.822, -1.582 
00300 ,0.300, 0.300, 0.992, -0.825, -1.582 
00301 ,0.300, 0.300, 0.992, -0.828, -1.582 
00302 ,0.300, 0.300, 0.992, -0.831, -1.582 
00303 ,0.300, 0.300, 0.992, -0.834, -1.582 
00304 ,0.300, 0.300, 0.992, -0.837, -1.582 
00305 ,0.300, 0.300, 0.992, -0.840, -1.582 
00306 ,0.300, 0.300, 0.992, -0.843, -1.582 
00307 ,0.300, 0.300, 0.992, -0.846, -1.582 
00308 ,0.300, 0.300, 0.992, -0.849, -1.582 
00309 ,0.300, 0.300, 0.992, -0.852, -1.582 
00310 ,0.300, 0.300, 0.992, -0.855, -1.582 
00311 ,0.300, 0.300, 0.992, -0.858, -1.582 
00312 ,0.300, 0.300, 0.991, -0.861, -1.582 
00313 ,0.300, 0.300, 0.991, -0.864, -1.582 
00314 ,0.300, 0.300, 0.991, -0.867, -1.582 
00315 ,0.300, 0.300, 0.991, -0.870, -1.582 
00316 ,0.300, 0.300, 0.991, -0.873, -1.582 
00317 ,0.300, 0.300, 0.991, -0.876, -1.582 
00318 ,0.300, 0.300, 0.991, -0.879, -1.582 
00319 ,0.300, 0.300, 0.991, -0.882, -1.582 
00320 ,0.300, 0.300, 0.991, -0.885, -1.582 
00321 ,0.300, 0.300, 0.991, -0.888, -1.582 
00322 ,0.300, 0.300, 0.991, -0.891, -1.582 
00323 ,0.300, 0.300, 0.991, -0.894, -1.582 
00324 ,0.300, 0.300, 0.991, -0.897, -1.582 
00325 ,0.300, 0.300, 0.991, -0.900, -1.582 
00326 ,0.300, 0.300, 0.991, -0.903, -1.582 
00327 ,0.300, 0.300, 0.991, -0.906, -1.582 
00328 ,0.300, 0.300, 0.991, -0.909, -1.582 
00329 ,0.300, 0.300, 0.991, -0.912, -1.582 
00330 ,0.295, 0.295, 0.991, -0.915, -1.582 
00331 ,0.290, 0.290, 0.991, -0.918, -1.582 
00332 ,0.285, 0.285, 0.991, -0.921, -1.582 
00333 ,0.280, 0.280, 0.991, -0.924, -1.582 
00334 ,0.275, 0.275, 0.991, -0.927, -1.582 
00335 ,0.270, 0.270, 0.991, -0.930, -1.582 
00336 ,0.265, 0.265, 0.991, -0.932, -1.582 
00337 ,0.260, 0.260, 0.991, -0.935, -1.582 
00338 ,0.255, 0.255, 0.991, -0.937, -1.582 
00339 ,0.250, 0.250, 0.991, -0.940, -1.582 
00340 ,0.245, 0.245, 0.991, -0.943, -1.582 
00341 ,0.240, 0.240, 0.991, -0.945, -1.582 
00342 ,0.235, 0.235, 0.991, -0.947, -1.582 
00343 ,0.230, 0.230, 0.990, -0.950, -1.582 
00344 ,0.225, 0.225, 0.990, -0.952, -1.582 
00345 ,0.220, 0.220, 0.990, -0.954, -1.582 
00346 ,0.215, 0.215, 0.990, -0.956, -1.582 
00347 ,0.210, 0.210, 0.990, -0.958, -1.582 
00348 ,0.205, 0.205, 0.990, -0.960, -1.582 
00349 ,0.200, 0.200, 0.990, -0.962, -1.582 
00350 ,0.195, 0.195, 0.990, -0.964, -1.582 
00351 ,0.190, 0.190, 0.990, -0.966, -1.582 
00352 ,0.185, 0.185, 0.990, -0.968, -1.582 
00353 ,0.180, 0.180, 0.990, -0.970, -1.582 
00354 ,0.175, 0.175, 0.990, -0.972, -1.582 
00355 ,0.170, 0.170, 0.990, -0.974, -1.582 
00356 ,0.165, 0.165, 0.990, -0.975, -1.582 
00357 ,0.160, 0.160, 0.990, -0.977, -1.582 
00358 ,0.155, 0.155, 0.990, -0.979, -1.582 
00359 ,0.150, 0.150, 0.990, -0.980, -1.582 
00360 ,0.145, 0.145, 0.990, -0.981, -1.582 
00361 ,0.140, 0.140, 0.990, -0.983, -1.582 
00362 ,0.135, 0.135, 0.990, -0.984, -1.582 
00363 ,0.130, 0.130, 0.990, -0.986, -1.582 
00364 ,0.125, 0.125, 0.990, -0.987, -1.582 
00365 ,0.120, 0.120, 0.990, -0.988, -1.582 
00366 ,0.115, 0.115, 0.990, -0.989, -1.582 
00367 ,0.110, 0.110, 0.990, -0.990, -1.582 
00368 ,0.105, 0.105, 0.990, -0.991, -1.582 
00369 ,0.100, 0.100, 0.990, -0.992, -1.582 
00370 ,0.095, 0.095, 0.990, -0.993, -1.582 
00371 ,0.090, 0.090, 0.990, -0.994, -1.582 
00372 ,0.085, 0.085, 0.990, -0.995, -1.582 
00373 ,0.080, 0.080, 0.990, -0.996, -1.582 
00374 ,0.075, 0.075, 0.990, -0.997, -1.582 
00375 ,0.070, 0.070, 0.990, -0.998, -1.582 
00376 ,0.065, 0.065, 0.990, -0.998, -1.582 
00377 ,0.060, 0.060, 0.990, -0.999, -1.582 
00378 ,0.055, 0.055, 0.990, -0.999, -1.582 
00379 ,0.050, 0.050, 0.990, -1.000, -1.582 
00380 ,0.000, 0.000, 0.990, -1.000, -1.582 
00000 ,0.000, 0.000, 0.990, -1.001, -1.582 
00001 ,0.005, -0.005, 0.990, -1.001, -1.582 
00002 ,0.010, -0.010, 0.990, -1.001, -1.582 
00003 ,0.015, -0.015, 0.990, -1.001, -1.582 
00004 ,0.020, -0.020, 0.990, -1.001, -1.583 
00005 ,0.025, -0.025, 0.990, -1.001, -1.584 
00006 ,0.030, -0.030, 0.990, -1.001, -1.585 
00007 ,0.035, -0.035, 0.990, -1.001, -1.586 
00008 ,0.040, -0.040, 0.990, -1.001, -1.589 
00009 ,0.045, -0.045, 0.990, -1.001, -1.591 
00010 ,0.050, -0.050, 0.990, -1.001, -1.594 
00011 ,0.055, -0.055, 0.990, -1.001, -1.597 
00012 ,0.060, -0.060, 0.990, -1.001, -1.601 
00013 ,0.065, -0.065, 0.990, -1.001, -1.605 
00014 ,0.070, -0.070, 0.990, -1.001, -1.614 
00015 ,0.075, -0.075, 0.990, -1.001, -1.618 
00016 ,0.080, -0.080, 0.990, -1.001, -1.623 
00017 ,0.085, -0.085, 0.990, -1.001, -1.628 
00018 ,0.090, -0.090, 0.990, -1.001, -1.634 
00019 ,0.095, -0.095, 0.990, -1.001, -1.640 
00020 ,0.100, -0.100, 0.990, -1.001, -1.647 
00021 ,0.105, -0.105, 0.990, -1.001, -1.654 
00022 ,0.110, -0.110, 0.990, -1.001, -1.662 
00023 ,0.115, -0.115, 0.990, -1.001, -1.669 
00024 ,0.120, -0.120, 0.990, -1.001, -1.678 
00025 ,0.125, -0.125, 0.990, -1.001, -1.686 
00026 ,0.130, -0.130, 0.990, -1.001, -1.696 
00027 ,0.135, -0.135, 0.990, -1.001, -1.705 
00028 ,0.140, -0.140, 0.990, -1.001, -1.715 
00029 ,0.145, -0.145, 0.990, -1.001, -1.725 
00030 ,0.150, -0.150, 0.990, -1.001, -1.736 
00031 ,0.150, -0.150, 0.990, -1.001, -1.746 
00032 ,0.150, -0.150, 0.990, -1.001, -1.758 
00033 ,0.150, -0.150, 0.990, -1.001, -1.770 
00034 ,0.150, -0.150, 0.990, -1.001, -1.781 
00035 ,0.150, -0.150, 0.990, -1.001, -1.792 
00036 ,0.150, -0.150, 0.990, -1.001, -1.804 
00037 ,0.150, -0.150, 0.990, -1.001, -1.816 
00038 ,0.150, -0.150, 0.990, -1.001, -1.862 
00039 ,0.150, -0.150, 0.990, -1.001, -1.874 
00040 ,0.150, -0.150, 0.990, -1.001, -1.885 
00041 ,0.150, -0.150, 0.990, -1.001, -1.896 
00042 ,0.150, -0.150, 0.990, -1.001, -1.908 
00043 ,0.150, -0.150, 0.990, -1.001, -1.919 
00044 ,0.150, -0.150, 0.990, -1.001, -1.931 
00045 ,0.150, -0.150, 0.990, -1.001, -1.943 
00046 ,0.150, -0.150, 0.990, -1.001, -1.966 
00047 ,0.150, -0.150, 0.990, -1.001, -1.977 
00048 ,0.150, -0.150, 0.990, -1.001, -2.000 
00049 ,0.150, -0.150, 0.990, -1.001, -2.012 
00050 ,0.150, -0.150, 0.990, -1.001, -2.023 
00051 ,0.150, -0.150, 0.990, -1.001, -2.035 
00052 ,0.150, -0.150, 0.990, -1.001, -2.046 
00053 ,0.150, -0.150, 0.990, -1.001, -2.058 
00054 ,0.150, -0.150, 0.990, -1.001, -2.081 
00055 ,0.150, -0.150, 0.990, -1.001, -2.093 
00056 ,0.150, -0.150, 0.990, -1.001, -2.104 
00057 ,0.150, -0.150, 0.990, -1.001, -2.116 
00058 ,0.150, -0.150, 0.990, -1.001, -2.127 
00059 ,0.150, -0.150, 0.990, -1.001, -2.139 
00060 ,0.150, -0.150, 0.990, -1.001, -2.150 
00061 ,0.150, -0.150, 0.990, -1.001, -2.162 
00062 ,0.150, -0.150, 0.990, -1.001, -2.173 
00063 ,0.150, -0.150, 0.990, -1.001, -2.185 
00064 ,0.150, -0.150, 0.990, -1.001, -2.196 
00065 ,0.150, -0.150, 0.990, -1.001, -2.208 
00066 ,0.150, -0.150, 0.990, -1.001, -2.220 
00067 ,0.150, -0.150, 0.990, -1.001, -2.231 
00068 ,0.150, -0.150, 0.990, -1.001, -2.242 
00069 ,0.150, -0.150, 0.990, -1.001, -2.254 
00070 ,0.150, -0.150, 0.990, -1.001, -2.266 
00071 ,0.150, -0.150, 0.990, -1.001, -2.277 
00072 ,0.150, -0.150, 0.990, -1.001, -2.289 
00073 ,0.150, -0.150, 0.990, -1.001, -2.300 
00074 ,0.150, -0.150, 0.990, -1.001, -2.324 
00075 ,0.150, -0.150, 0.990, -1.001, -2.335 
00076 ,0.150, -0.150, 0.990, -1.001, -2.346 
00077 ,0.150, -0.150, 0.990, -1.001, -2.358 
00078 ,0.150, -0.150, 0.990, -1.001, -2.369 
00079 ,0.150, -0.150, 0.990, -1.001, -2.381 
00080 ,0.150, -0.150, 0.990, -1.001, -2.393 
00081 ,0.150, -0.150, 0.990, -1.001, -2.404 
00082 ,0.150, -0.150, 0.990, -1.001, -2.416 
00083 ,0.150, -0.150, 0.990, -1.001, -2.427 
00084 ,0.150, -0.150, 0.990, -1.001, -2.439 
00085 ,0.150, -0.150, 0.990, -1.001, -2.450 
00086 ,0.150, -0.150, 0.990, -1.001, -2.461 
00087 ,0.150, -0.150, 0.990, -1.001, -2.473 
00088 ,0.150, -0.150, 0.990, -1.001, -2.485 
00089 ,0.150, -0.150, 0.990, -1.001, -2.496 
00090 ,0.150, -0.150, 0.990, -1.001, -2.508 
00091 ,0.150, -0.150, 0.990, -1.001, -2.519 
00092 ,0.150, -0.150, 0.990, -1.001, -2.531 
00093 ,0.150, -0.150, 0.990, -1.001, -2.543 
00094 ,0.150, -0.150, 0.990, -1.001, -2.554 
00095 ,0.150, -0.150, 0.990, -1.001, -2.566 
00096 ,0.150, -0.150, 0.990, -1.001, -2.577 
00097 ,0.150, -0.150, 0.990, -1.001, -2.589 
00098 ,0.150, -0.150, 0.990, -1.001, -2.600 
00099 ,0.150, -0.150, 0.990, -1.001, -2.612 
00100 ,0.150, -0.150, 0.990, -1.001, -2.623 
00101 ,0.150, -0.150, 0.990, -1.001, -2.646 
00102 ,0.150, -0.150, 0.990, -1.001, -2.658 
00103 ,0.150, -0.150, 0.990, -1.001, -2.681 
00104 ,0.150, -0.150, 0.990, -1.001, -2.692 
00105 ,0.150, -0.150, 0.990, -1.001, -2.704 
00106 ,0.150, -0.150, 0.990, -1.001, -2.716 
00107 ,0.150, -0.150, 0.990, -1.001, -2.727 
00108 ,0.150, -0.150, 0.990, -1.001, -2.739 
00109 ,0.150, -0.150, 0.990, -1.001, -2.774 
00110 ,0.150, -0.150, 0.990, -1.001, -2.785 
00111 ,0.150, -0.150, 0.990, -1.001, -2.796 
00112 ,0.150, -0.150, 0.990, -1.001, -2.808 
00113 ,0.150, -0.150, 0.990, -1.001, -2.819 
00114 ,0.150, -0.150, 0.990, -1.001, -2.831 
00115 ,0.150, -0.150, 0.990, -1.001, -2.843 
00116 ,0.150, -0.150, 0.990, -1.001, -2.877 
00117 ,0.150, -0.150, 0.990, -1.001, -2.889 
00118 ,0.150, -0.150, 0.990, -1.001, -2.900 
00119 ,0.150, -0.150, 0.990, -1.001, -2.923 
00120 ,0.150, -0.150, 0.990, -1.001, -2.935 
00121 ,0.150, -0.150, 0.990, -1.001, -2.946 
00122 ,0.150, -0.150, 0.990, -1.001, -2.958 
00123 ,0.150, -0.150, 0.990, -1.001, -2.969 
00124 ,0.150, -0.150, 0.990, -1.001, -2.981 
00125 ,0.145, -0.145, 0.990, -1.001, -3.004 
00126 ,0.140, -0.140, 0.990, -1.001, -3.015 
00127 ,0.135, -0.135, 0.990, -1.001, -3.027 
00128 ,0.130, -0.130, 0.990, -1.001, -3.036 
00129 ,0.125, -0.125, 0.990, -1.001, -3.046 
00130 ,0.120, -0.120, 0.990, -1.001, -3.056 
00131 ,0.115, -0.115, 0.990, -1.001, -3.065 
00132 ,0.110, -0.110, 0.990, -1.001, -3.073 
00133 ,0.105, -0.105, 0.990, -1.001, -3.082 
00134 ,0.100, -0.100, 0.990, -1.001, -3.090 
00135 ,0.095, -0.095, 0.990, -1.001, -3.097 
00136 ,0.090, -0.090, 0.990, -1.001, -3.104 
00137 ,0.085, -0.085, 0.990, -1.001, -3.117 
00138 ,0.080, -0.080, 0.990, -1.001, -3.123 
00139 ,0.075, -0.075, 0.990, -1.001, -3.129 
00140 ,0.070, -0.070, 0.990, -1.001, -3.135 
00141 ,0.065, -0.065, 0.990, -1.001, -3.140 
00142 ,0.060, -0.060, 0.990, -1.001, -3.145 
00143 ,0.055, -0.055, 0.990, -1.001, -3.149 
00144 ,0.050, -0.050, 0.990, -1.001, -3.153 
00145 ,0.045, -0.045, 0.990, -1.001, -3.157 
00146 ,0.040, -0.040, 0.990, -1.001, -3.161 
00147 ,0.035, -0.035, 0.990, -1.001, -3.163 
00148 ,0.000, 0.000, 0.990, -1.001, -3.168 
00000 ,0.000, 0.000, 0.990, -1.001, -3.170 
00001 ,0.005, 0.005, 0.990, -1.001, -3.170 
00002 ,0.010, 0.010, 0.990, -1.001, -3.170 
00003 ,0.015, 0.015, 0.990, -1.001, -3.170 
00004 ,0.020, 0.020, 0.990, -1.001, -3.170 
00005 ,0.025, 0.025, 0.990, -1.001, -3.171 
00006 ,0.030, 0.030, 0.990, -1.001, -3.171 
00007 ,0.035, 0.035, 0.989, -1.001, -3.171 
00008 ,0.040, 0.040, 0.989, -1.001, -3.171 
00009 ,0.045, 0.045, 0.989, -1.001, -3.171 
00010 ,0.050, 0.050, 0.988, -1.001, -3.171 
00011 ,0.055, 0.055, 0.987, -1.001, -3.171 
00012 ,0.060, 0.060, 0.987, -1.001, -3.170 
00013 ,0.065, 0.065, 0.986, -1.001, -3.170 
00014 ,0.070, 0.070, 0.986, -1.001, -3.170 
00015 ,0.075, 0.075, 0.985, -1.001, -3.171 
00016 ,0.080, 0.080, 0.985, -1.001, -3.171 
00017 ,0.085, 0.085, 0.984, -1.001, -3.171 
00018 ,0.090, 0.090, 0.983, -1.001, -3.171 
00019 ,0.095, 0.095, 0.982, -1.001, -3.170 
00020 ,0.100, 0.100, 0.982, -1.001, -3.170 
00021 ,0.105, 0.105, 0.981, -1.001, -3.171 
00022 ,0.110, 0.110, 0.980, -1.001, -3.171 
00023 ,0.115, 0.115, 0.979, -1.001, -3.170 
00024 ,0.120, 0.120, 0.978, -1.001, -3.170 
00025 ,0.125, 0.125, 0.976, -1.001, -3.171 
00026 ,0.130, 0.130, 0.975, -1.001, -3.171 
00027 ,0.135, 0.135, 0.974, -1.000, -3.170 
00028 ,0.140, 0.140, 0.973, -1.000, -3.171 
00029 ,0.145, 0.145, 0.971, -1.000, -3.171 
00030 ,0.150, 0.150, 0.970, -1.000, -3.170 
00031 ,0.155, 0.155, 0.969, -1.000, -3.171 
00032 ,0.160, 0.160, 0.967, -1.000, -3.171 
00033 ,0.165, 0.165, 0.966, -1.000, -3.170 
00034 ,0.170, 0.170, 0.964, -1.000, -3.171 
00035 ,0.175, 0.175, 0.962, -1.000, -3.171 
00036 ,0.180, 0.180, 0.961, -1.000, -3.170 
00037 ,0.185, 0.185, 0.959, -1.000, -3.171 
00038 ,0.190, 0.190, 0.957, -1.000, -3.170 
00039 ,0.195, 0.195, 0.955, -1.000, -3.171 
00040 ,0.200, 0.200, 0.954, -1.000, -3.170 
00041 ,0.205, 0.205, 0.952, -1.000, -3.171 
00042 ,0.210, 0.210, 0.950, -1.000, -3.171 
00043 ,0.215, 0.215, 0.948, -1.000, -3.171 
00044 ,0.220, 0.220, 0.946, -1.000, -3.171 
00045 ,0.225, 0.225, 0.943, -1.000, -3.171 
00046 ,0.230, 0.230, 0.941, -1.000, -3.171 
00047 ,0.235, 0.235, 0.939, -0.999, -3.171 
00048 ,0.240, 0.240, 0.937, -0.999, -3.170 
00049 ,0.245, 0.245, 0.934, -0.999, -3.171 
00050 ,0.250, 0.250, 0.932, -0.999, -3.170 
00051 ,0.255, 0.255, 0.930, -0.999, -3.171 
00052 ,0.260, 0.260, 0.927, -0.999, -3.170 
00053 ,0.265, 0.265, 0.925, -0.999, -3.171 
00054 ,0.270, 0.270, 0.922, -0.999, -3.171 
00055 ,0.275, 0.275, 0.919, -0.999, -3.170 
00056 ,0.280, 0.280, 0.917, -0.999, -3.171 
00057 ,0.285, 0.285, 0.914, -0.999, -3.171 
00058 ,0.290, 0.290, 0.911, -0.999, -3.170 
00059 ,0.295, 0.295, 0.908, -0.999, -3.171 
00060 ,0.300, 0.300, 0.906, -0.998, -3.171 
00061 ,0.300, 0.300, 0.903, -0.998, -3.170 
00062 ,0.300, 0.300, 0.900, -0.998, -3.171 
00063 ,0.300, 0.300, 0.897, -0.998, -3.171 
00064 ,0.300, 0.300, 0.894, -0.998, -3.170 
00065 ,0.300, 0.300, 0.891, -0.998, -3.170 
00066 ,0.300, 0.300, 0.888, -0.998, -3.171 
00067 ,0.300, 0.300, 0.885, -0.998, -3.171 
00068 ,0.300, 0.300, 0.882, -0.998, -3.170 
00069 ,0.300, 0.300, 0.879, -0.998, -3.171 
00070 ,0.300, 0.300, 0.876, -0.998, -3.171 
00071 ,0.300, 0.300, 0.873, -0.998, -3.171 
00072 ,0.300, 0.300, 0.870, -0.997, -3.170 
00073 ,0.300, 0.300, 0.867, -0.997, -3.171 
00074 ,0.300, 0.300, 0.864, -0.997, -3.171 
00075 ,0.300, 0.300, 0.861, -0.997, -3.170 
00076 ,0.300, 0.300, 0.858, -0.997, -3.171 
00077 ,0.300, 0.300, 0.855, -0.997, -3.171 
00078 ,0.300, 0.300, 0.852, -0.997, -3.171 
00079 ,0.300, 0.300, 0.849, -0.997, -3.170 
00080 ,0.300, 0.300, 0.843, -0.997, -3.171 
00081 ,0.300, 0.300, 0.840, -0.997, -3.170 
00082 ,0.300, 0.300, 0.837, -0.996, -3.171 
00083 ,0.300, 0.300, 0.834, -0.996, -3.171 
00084 ,0.300, 0.300, 0.831, -0.996, -3.171 
00085 ,0.300, 0.300, 0.828, -0.996, -3.170 
00086 ,0.300, 0.300, 0.825, -0.996, -3.171 
00087 ,0.300, 0.300, 0.822, -0.996, -3.171 
00088 ,0.300, 0.300, 0.819, -0.996, -3.170 
00089 ,0.300, 0.300, 0.813, -0.996, -3.171 
00090 ,0.300, 0.300, 0.810, -0.996, -3.171 
00091 ,0.300, 0.300, 0.807, -0.996, -3.170 
00092 ,0.300, 0.300, 0.804, -0.996, -3.171 
00093 ,0.300, 0.300, 0.801, -0.995, -3.171 
00094 ,0.300, 0.300, 0.798, -0.995, -3.170 
00095 ,0.300, 0.300, 0.795, -0.995, -3.170 
00096 ,0.300, 0.300, 0.792, -0.995, -3.171 
00097 ,0.300, 0.300, 0.789, -0.995, -3.171 
00098 ,0.300, 0.300, 0.786, -0.995, -3.170 
00099 ,0.300, 0.300, 0.783, -0.995, -3.171 
00100 ,0.300, 0.300, 0.780, -0.995, -3.171 
00101 ,0.300, 0.300, 0.777, -0.995, -3.170 
00102 ,0.300, 0.300, 0.774, -0.995, -3.170 
00103 ,0.300, 0.300, 0.771, -0.995, -3.171 
00104 ,0.300, 0.300, 0.768, -0.994, -3.171 
00105 ,0.300, 0.300, 0.765, -0.994, -3.170 
00106 ,0.300, 0.300, 0.762, -0.994, -3.171 
00107 ,0.300, 0.300, 0.759, -0.994, -3.171 
00108 ,0.300, 0.300, 0.756, -0.994, -3.170 
00109 ,0.300, 0.300, 0.753, -0.994, -3.170 
00110 ,0.300, 0.300, 0.750, -0.994, -3.171 
00111 ,0.300, 0.300, 0.747, -0.994, -3.171 
00112 ,0.300, 0.300, 0.744, -0.994, -3.170 
00113 ,0.300, 0.300, 0.741, -0.994, -3.171 
00114 ,0.300, 0.300, 0.738, -0.994, -3.171 
00115 ,0.300, 0.300, 0.735, -0.994, -3.171 
00116 ,0.300, 0.300, 0.732, -0.993, -3.170 
00117 ,0.300, 0.300, 0.729, -0.993, -3.171 
00118 ,0.300, 0.300, 0.726, -0.993, -3.171 
00119 ,0.300, 0.300, 0.723, -0.993, -3.170 
00120 ,0.300, 0.300, 0.720, -0.993, -3.171 
00121 ,0.300, 0.300, 0.717, -0.993, -3.171 
00122 ,0.300, 0.300, 0.714, -0.993, -3.171 
00123 ,0.300, 0.300, 0.711, -0.993, -3.170 
00124 ,0.300, 0.300, 0.708, -0.993, -3.171 
00125 ,0.300, 0.300, 0.705, -0.993, -3.171 
00126 ,0.300, 0.300, 0.702, -0.993, -3.170 
00127 ,0.300, 0.300, 0.699, -0.992, -3.171 
00128 ,0.300, 0.300, 0.696, -0.992, -3.171 
00129 ,0.300, 0.300, 0.693, -0.992, -3.171 
00130 ,0.300, 0.300, 0.690, -0.992, -3.170 
00131 ,0.300, 0.300, 0.687, -0.992, -3.171 
00132 ,0.300, 0.300, 0.684, -0.992, -3.171 
00133 ,0.300, 0.300, 0.681, -0.992, -3.170 
00134 ,0.300, 0.300, 0.678, -0.992, -3.171 
00135 ,0.300, 0.300, 0.675, -0.992, -3.171 
00136 ,0.300, 0.300, 0.672, -0.992, -3.171 
00137 ,0.300, 0.300, 0.669, -0.992, -3.170 
00138 ,0.300, 0.300, 0.666, -0.992, -3.171 
00139 ,0.300, 0.300, 0.663, -0.991, -3.171 
00140 ,0.300, 0.300, 0.660, -0.991, -3.170 
00141 ,0.300, 0.300, 0.657, -0.991, -3.170 
00142 ,0.300, 0.300, 0.654, -0.991, -3.171 
00143 ,0.300, 0.300, 0.651, -0.991, -3.171 
00144 ,0.300, 0.300, 0.648, -0.991, -3.170 
00145 ,0.300, 0.300, 0.645, -0.991, -3.171 
00146 ,0.300, 0.300, 0.642, -0.991, -3.171 
00147 ,0.300, 0.300, 0.639, -0.991, -3.170 
00148 ,0.300, 0.300, 0.633, -0.991, -3.171 
00149 ,0.300, 0.300, 0.630, -0.990, -3.171 
00150 ,0.300, 0.300, 0.627, -0.990, -3.170 
00151 ,0.300, 0.300, 0.624, -0.990, -3.171 
00152 ,0.300, 0.300, 0.621, -0.990, -3.171 
00153 ,0.300, 0.300, 0.618, -0.990, -3.170 
00154 ,0.300, 0.300, 0.615, -0.990, -3.170 
00155 ,0.300, 0.300, 0.612, -0.990, -3.171 
00156 ,0.300, 0.300, 0.609, -0.990, -3.171 
00157 ,0.300, 0.300, 0.606, -0.990, -3.170 
00158 ,0.300, 0.300, 0.603, -0.990, -3.171 
00159 ,0.300, 0.300, 0.600, -0.990, -3.171 
00160 ,0.300, 0.300, 0.597, -0.990, -3.171 
00161 ,0.300, 0.300, 0.594, -0.989, -3.170 
00162 ,0.300, 0.300, 0.591, -0.989, -3.171 
00163 ,0.300, 0.300, 0.588, -0.989, -3.171 
00164 ,0.300, 0.300, 0.585, -0.989, -3.170 
00165 ,0.300, 0.300, 0.582, -0.989, -3.171 
00166 ,0.300, 0.300, 0.579, -0.989, -3.171 
00167 ,0.300, 0.300, 0.576, -0.989, -3.171 
00168 ,0.300, 0.300, 0.570, -0.989, -3.171 
00169 ,0.300, 0.300, 0.567, -0.989, -3.171 
00170 ,0.300, 0.300, 0.564, -0.989, -3.170 
00171 ,0.300, 0.300, 0.561, -0.988, -3.171 
00172 ,0.300, 0.300, 0.558, -0.988, -3.171 
00173 ,0.300, 0.300, 0.555, -0.988, -3.171 
00174 ,0.300, 0.300, 0.552, -0.988, -3.170 
00175 ,0.300, 0.300, 0.549, -0.988, -3.171 
00176 ,0.300, 0.300, 0.546, -0.988, -3.171 
00177 ,0.300, 0.300, 0.543, -0.988, -3.170 
00178 ,0.300, 0.300, 0.540, -0.988, -3.171 
00179 ,0.300, 0.300, 0.537, -0.988, -3.171 
00180 ,0.300, 0.300, 0.534, -0.988, -3.171 
00181 ,0.300, 0.300, 0.531, -0.988, -3.170 
00182 ,0.300, 0.300, 0.528, -0.988, -3.171 
00183 ,0.300, 0.300, 0.525, -0.987, -3.171 
00184 ,0.300, 0.300, 0.522, -0.987, -3.170 
00185 ,0.300, 0.300, 0.519, -0.987, -3.170 
00186 ,0.300, 0.300, 0.516, -0.987, -3.171 
00187 ,0.300, 0.300, 0.513, -0.987, -3.171 
00188 ,0.300, 0.300, 0.510, -0.987, -3.170 
00189 ,0.300, 0.300, 0.507, -0.987, -3.171 
00190 ,0.300, 0.300, 0.504, -0.987, -3.171 
00191 ,0.300, 0.300, 0.501, -0.987, -3.170 
00192 ,0.300, 0.300, 0.498, -0.987, -3.170 
00193 ,0.300, 0.300, 0.495, -0.987, -3.171 
00194 ,0.300, 0.300, 0.492, -0.986, -3.171 
00195 ,0.300, 0.300, 0.489, -0.986, -3.170 
00196 ,0.300, 0.300, 0.486, -0.986, -3.171 
00197 ,0.300, 0.300, 0.483, -0.986, -3.171 
00198 ,0.300, 0.300, 0.480, -0.986, -3.170 
00199 ,0.300, 0.300, 0.477, -0.986, -3.170 
00200 ,0.300, 0.300, 0.474, -0.986, -3.171 
00201 ,0.300, 0.300, 0.471, -0.986, -3.171 
00202 ,0.300, 0.300, 0.468, -0.986, -3.170 
00203 ,0.300, 0.300, 0.465, -0.986, -3.171 
00204 ,0.300, 0.300, 0.462, -0.986, -3.171 
00205 ,0.300, 0.300, 0.459, -0.986, -3.171 
00206 ,0.300, 0.300, 0.456, -0.985, -3.170 
00207 ,0.300, 0.300, 0.453, -0.985, -3.171 
00208 ,0.300, 0.300, 0.450, -0.985, -3.171 
00209 ,0.300, 0.300, 0.447, -0.985, -3.170 
00210 ,0.300, 0.300, 0.444, -0.985, -3.171 
00211 ,0.300, 0.300, 0.441, -0.985, -3.171 
00212 ,0.300, 0.300, 0.438, -0.985, -3.171 
00213 ,0.300, 0.300, 0.435, -0.985, -3.170 
00214 ,0.300, 0.300, 0.432, -0.985, -3.171 
00215 ,0.300, 0.300, 0.429, -0.985, -3.171 
00216 ,0.300, 0.300, 0.426, -0.985, -3.170 
00217 ,0.300, 0.300, 0.423, -0.984, -3.171 
00218 ,0.300, 0.300, 0.417, -0.984, -3.171 
00219 ,0.300, 0.300, 0.414, -0.984, -3.170 
00220 ,0.300, 0.300, 0.411, -0.984, -3.171 
00221 ,0.300, 0.300, 0.408, -0.984, -3.171 
00222 ,0.300, 0.300, 0.405, -0.984, -3.170 
00223 ,0.300, 0.300, 0.402, -0.984, -3.171 
00224 ,0.300, 0.300, 0.399, -0.984, -3.171 
00225 ,0.300, 0.300, 0.396, -0.984, -3.171 
00226 ,0.300, 0.300, 0.393, -0.984, -3.170 
00227 ,0.300, 0.300, 0.390, -0.984, -3.171 
00228 ,0.300, 0.300, 0.387, -0.983, -3.171 
00229 ,0.300, 0.300, 0.384, -0.983, -3.170 
00230 ,0.300, 0.300, 0.381, -0.983, -3.170 
00231 ,0.300, 0.300, 0.378, -0.983, -3.171 
00232 ,0.300, 0.300, 0.375, -0.983, -3.171 
00233 ,0.300, 0.300, 0.372, -0.983, -3.170 
00234 ,0.300, 0.300, 0.369, -0.983, -3.171 
00235 ,0.300, 0.300, 0.366, -0.983, -3.171 
00236 ,0.300, 0.300, 0.363, -0.983, -3.170 
00237 ,0.300, 0.300, 0.360, -0.983, -3.170 
00238 ,0.300, 0.300, 0.357, -0.983, -3.171 
00239 ,0.300, 0.300, 0.354, -0.982, -3.171 
00240 ,0.300, 0.300, 0.351, -0.982, -3.170 
00241 ,0.300, 0.300, 0.348, -0.982, -3.171 
00242 ,0.300, 0.300, 0.345, -0.982, -3.171 
00243 ,0.300, 0.300, 0.342, -0.982, -3.170 
00244 ,0.300, 0.300, 0.339, -0.982, -3.170 
00245 ,0.300, 0.300, 0.336, -0.982, -3.171 
00246 ,0.300, 0.300, 0.333, -0.982, -3.171 
00247 ,0.300, 0.300, 0.330, -0.982, -3.170 
00248 ,0.300, 0.300, 0.327, -0.982, -3.171 
00249 ,0.300, 0.300, 0.324, -0.982, -3.171 
00250 ,0.300, 0.300, 0.321, -0.982, -3.171 
00251 ,0.300, 0.300, 0.318, -0.981, -3.170 
00252 ,0.300, 0.300, 0.315, -0.981, -3.171 
00253 ,0.300, 0.300, 0.312, -0.981, -3.171 
00254 ,0.300, 0.300, 0.309, -0.981, -3.170 
00255 ,0.300, 0.300, 0.306, -0.981, -3.171 
00256 ,0.300, 0.300, 0.303, -0.981, -3.171 
00257 ,0.300, 0.300, 0.300, -0.981, -3.171 
00258 ,0.300, 0.300, 0.297, -0.981, -3.170 
00259 ,0.300, 0.300, 0.294, -0.981, -3.171 
00260 ,0.300, 0.300, 0.291, -0.981, -3.171 
00261 ,0.300, 0.300, 0.288, -0.981, -3.170 
00262 ,0.300, 0.300, 0.285, -0.980, -3.171 
00263 ,0.300, 0.300, 0.282, -0.980, -3.171 
00264 ,0.300, 0.300, 0.279, -0.980, -3.171 
00265 ,0.300, 0.300, 0.276, -0.980, -3.170 
00266 ,0.300, 0.300, 0.273, -0.980, -3.171 
00267 ,0.300, 0.300, 0.270, -0.980, -3.171 
00268 ,0.300, 0.300, 0.267, -0.980, -3.170 
00269 ,0.300, 0.300, 0.264, -0.980, -3.171 
00270 ,0.300, 0.300, 0.261, -0.980, -3.171 
00271 ,0.300, 0.300, 0.258, -0.980, -3.171 
00272 ,0.300, 0.300, 0.255, -0.980, -3.170 
00273 ,0.300, 0.300, 0.252, -0.980, -3.171 
00274 ,0.300, 0.300, 0.249, -0.979, -3.171 
00275 ,0.300, 0.300, 0.246, -0.979, -3.170 
00276 ,0.300, 0.300, 0.243, -0.979, -3.170 
00277 ,0.300, 0.300, 0.240, -0.979, -3.171 
00278 ,0.300, 0.300, 0.237, -0.979, -3.171 
00279 ,0.300, 0.300, 0.234, -0.979, -3.170 
00280 ,0.300, 0.300, 0.231, -0.979, -3.171 
00281 ,0.300, 0.300, 0.228, -0.979, -3.171 
00282 ,0.300, 0.300, 0.225, -0.979, -3.170 
00283 ,0.300, 0.300, 0.222, -0.979, -3.170 
00284 ,0.300, 0.300, 0.219, -0.979, -3.171 
00285 ,0.300, 0.300, 0.213, -0.978, -3.170 
00286 ,0.300, 0.300, 0.210, -0.978, -3.171 
00287 ,0.300, 0.300, 0.207, -0.978, -3.171 
00288 ,0.300, 0.300, 0.204, -0.978, -3.170 
00289 ,0.300, 0.300, 0.201, -0.978, -3.170 
00290 ,0.300, 0.300, 0.198, -0.978, -3.171 
00291 ,0.300, 0.300, 0.195, -0.978, -3.171 
00292 ,0.300, 0.300, 0.192, -0.978, -3.170 
00293 ,0.300, 0.300, 0.189, -0.978, -3.171 
00294 ,0.300, 0.300, 0.186, -0.978, -3.171 
00295 ,0.300, 0.300, 0.183, -0.978, -3.171 
00296 ,0.300, 0.300, 0.180, -0.977, -3.170 
00297 ,0.300, 0.300, 0.177, -0.977, -3.171 
00298 ,0.300, 0.300, 0.174, -0.977, -3.171 
00299 ,0.300, 0.300, 0.171, -0.977, -3.170 
00300 ,0.300, 0.300, 0.168, -0.977, -3.171 
00301 ,0.300, 0.300, 0.165, -0.977, -3.171 
00302 ,0.300, 0.300, 0.162, -0.977, -3.171 
00303 ,0.300, 0.300, 0.159, -0.977, -3.170 
00304 ,0.300, 0.300, 0.156, -0.977, -3.171 
00305 ,0.300, 0.300, 0.153, -0.977, -3.171 
00306 ,0.300, 0.300, 0.150, -0.977, -3.170 
00307 ,0.300, 0.300, 0.147, -0.976, -3.171 
00308 ,0.300, 0.300, 0.144, -0.976, -3.171 
00309 ,0.300, 0.300, 0.141, -0.976, -3.171 
00310 ,0.300, 0.300, 0.138, -0.976, -3.170 
00311 ,0.300, 0.300, 0.135, -0.976, -3.171 
00312 ,0.300, 0.300, 0.132, -0.976, -3.171 
00313 ,0.300, 0.300, 0.129, -0.976, -3.170 
00314 ,0.300, 0.300, 0.126, -0.976, -3.171 
00315 ,0.300, 0.300, 0.123, -0.976, -3.171 
00316 ,0.300, 0.300, 0.120, -0.976, -3.171 
00317 ,0.300, 0.300, 0.117, -0.976, -3.170 
00318 ,0.300, 0.300, 0.114, -0.976, -3.171 
00319 ,0.300, 0.300, 0.111, -0.975, -3.171 
00320 ,0.300, 0.300, 0.108, -0.975, -3.170 
00321 ,0.300, 0.300, 0.105, -0.975, -3.170 
00322 ,0.300, 0.300, 0.102, -0.975, -3.171 
00323 ,0.300, 0.300, 0.099, -0.975, -3.171 
00324 ,0.300, 0.300, 0.096, -0.975, -3.170 
00325 ,0.300, 0.300, 0.093, -0.975, -3.171 
00326 ,0.300, 0.300, 0.090, -0.975, -3.171 
00327 ,0.300, 0.300, 0.087, -0.975, -3.170 
00328 ,0.300, 0.300, 0.084, -0.975, -3.170 
00329 ,0.300, 0.300, 0.081, -0.975, -3.171 
00330 ,0.300, 0.300, 0.078, -0.974, -3.171 
00331 ,0.295, 0.295, 0.075, -0.974, -3.170 
00332 ,0.290, 0.290, 0.072, -0.974, -3.171 
00333 ,0.285, 0.285, 0.069, -0.974, -3.171 
00334 ,0.280, 0.280, 0.066, -0.974, -3.170 
00335 ,0.275, 0.275, 0.064, -0.974, -3.171 
00336 ,0.270, 0.270, 0.061, -0.974, -3.171 
00337 ,0.265, 0.265, 0.058, -0.974, -3.170 
00338 ,0.260, 0.260, 0.056, -0.974, -3.171 
00339 ,0.255, 0.255, 0.053, -0.974, -3.171 
00340 ,0.250, 0.250, 0.050, -0.974, -3.170 
00341 ,0.245, 0.245, 0.048, -0.974, -3.171 
00342 ,0.240, 0.240, 0.046, -0.974, -3.170 
00343 ,0.235, 0.235, 0.043, -0.973, -3.171 
00344 ,0.230, 0.230, 0.041, -0.973, -3.171 
00345 ,0.225, 0.225, 0.039, -0.973, -3.171 
00346 ,0.220, 0.220, 0.036, -0.973, -3.171 
00347 ,0.215, 0.215, 0.034, -0.973, -3.171 
00348 ,0.210, 0.210, 0.032, -0.973, -3.171 
00349 ,0.205, 0.205, 0.030, -0.973, -3.171 
00350 ,0.200, 0.200, 0.028, -0.973, -3.171 
00351 ,0.195, 0.195, 0.026, -0.973, -3.171 
00352 ,0.190, 0.190, 0.024, -0.973, -3.171 
00353 ,0.185, 0.185, 0.022, -0.973, -3.171 
00354 ,0.180, 0.180, 0.020, -0.973, -3.170 
00355 ,0.175, 0.175, 0.019, -0.973, -3.171 
00356 ,0.170, 0.170, 0.017, -0.973, -3.170 
00357 ,0.165, 0.165, 0.015, -0.973, -3.171 
00358 ,0.160, 0.160, 0.012, -0.973, -3.170 
00359 ,0.155, 0.155, 0.010, -0.972, -3.171 
00360 ,0.150, 0.150, 0.009, -0.972, -3.170 
00361 ,0.145, 0.145, 0.007, -0.972, -3.171 
00362 ,0.140, 0.140, 0.006, -0.972, -3.171 
00363 ,0.135, 0.135, 0.005, -0.972, -3.170 
00364 ,0.130, 0.130, 0.003, -0.972, -3.171 
00365 ,0.125, 0.125, 0.002, -0.972, -3.171 
00366 ,0.120, 0.120, 0.001, -0.972, -3.171 
00367 ,0.115, 0.115, -0.000, -0.972, -3.170 
00368 ,0.110, 0.110, -0.002, -0.972, -3.171 
00369 ,0.105, 0.105, -0.003, -0.972, -3.171 
00370 ,0.100, 0.100, -0.004, -0.972, -3.170 
00371 ,0.095, 0.095, -0.005, -0.972, -3.170 
00372 ,0.090, 0.090, -0.005, -0.972, -3.171 
00373 ,0.085, 0.085, -0.006, -0.972, -3.171 
00374 ,0.080, 0.080, -0.007, -0.972, -3.171 
00375 ,0.075, 0.075, -0.008, -0.972, -3.170 
00376 ,0.070, 0.070, -0.009, -0.972, -3.170 
00377 ,0.065, 0.065, -0.009, -0.972, -3.171 
00378 ,0.060, 0.060, -0.010, -0.972, -3.171 
00379 ,0.000, 0.000, -0.011, -0.972, -3.171 
00000 ,0.000, 0.000, -0.011, -0.972, -3.171 
00001 ,0.005, -0.005, -0.011, -0.972, -3.171 
00002 ,0.010, -0.010, -0.011, -0.972, -3.171 
00003 ,0.015, -0.015, -0.011, -0.972, -3.172 
00004 ,0.020, -0.020, -0.011, -0.972, -3.174 
00005 ,0.025, -0.025, -0.011, -0.972, -3.174 
00006 ,0.030, -0.030, -0.011, -0.972, -3.176 
00007 ,0.035, -0.035, -0.011, -0.972, -3.177 
00008 ,0.040, -0.040, -0.011, -0.972, -3.179 
00009 ,0.045, -0.045, -0.011, -0.972, -3.182 
00010 ,0.050, -0.050, -0.011, -0.972, -3.185 
00011 ,0.055, -0.055, -0.011, -0.972, -3.188 
00012 ,0.060, -0.060, -0.011, -0.972, -3.192 
00013 ,0.065, -0.065, -0.011, -0.972, -3.196 
00014 ,0.070, -0.070, -0.011, -0.972, -3.200 
00015 ,0.075, -0.075, -0.011, -0.972, -3.204 
00016 ,0.080, -0.080, -0.011, -0.972, -3.209 
00017 ,0.085, -0.085, -0.011, -0.972, -3.214 
00018 ,0.090, -0.090, -0.011, -0.972, -3.220 
00019 ,0.095, -0.095, -0.011, -0.972, -3.226 
00020 ,0.100, -0.100, -0.011, -0.972, -3.233 
00021 ,0.105, -0.105, -0.011, -0.972, -3.240 
00022 ,0.110, -0.110, -0.011, -0.972, -3.248 
00023 ,0.115, -0.115, -0.011, -0.972, -3.255 
00024 ,0.120, -0.120, -0.011, -0.972, -3.264 
00025 ,0.125, -0.125, -0.011, -0.972, -3.273 
00026 ,0.130, -0.130, -0.011, -0.972, -3.281 
00027 ,0.135, -0.135, -0.011, -0.972, -3.291 
00028 ,0.140, -0.140, -0.011, -0.972, -3.301 
00029 ,0.145, -0.145, -0.011, -0.972, -3.311 
00030 ,0.150, -0.150, -0.011, -0.972, -3.322 
00031 ,0.150, -0.150, -0.011, -0.972, -3.333 
00032 ,0.150, -0.150, -0.011, -0.972, -3.344 
00033 ,0.150, -0.150, -0.011, -0.972, -3.356 
00034 ,0.150, -0.150, -0.011, -0.972, -3.367 
00035 ,0.150, -0.150, -0.011, -0.972, -3.378 
00036 ,0.150, -0.150, -0.011, -0.972, -3.390 
00037 ,0.150, -0.150, -0.011, -0.972, -3.402 
00038 ,0.150, -0.150, -0.011, -0.972, -3.413 
00039 ,0.150, -0.150, -0.011, -0.972, -3.425 
00040 ,0.150, -0.150, -0.011, -0.972, -3.436 
00041 ,0.150, -0.150, -0.011, -0.972, -3.448 
00042 ,0.150, -0.150, -0.011, -0.972, -3.460 
00043 ,0.150, -0.150, -0.011, -0.972, -3.471 
00044 ,0.150, -0.150, -0.011, -0.972, -3.482 
00045 ,0.150, -0.150, -0.011, -0.972, -3.494 
00046 ,0.150, -0.150, -0.011, -0.972, -3.506 
00047 ,0.150, -0.150, -0.011, -0.972, -3.517 
00048 ,0.150, -0.150, -0.011, -0.972, -3.529 
00049 ,0.150, -0.150, -0.011, -0.972, -3.540 
00050 ,0.150, -0.150, -0.011, -0.972, -3.552 
00051 ,0.150, -0.150, -0.011, -0.972, -3.563 
00052 ,0.150, -0.150, -0.011, -0.972, -3.575 
00053 ,0.150, -0.150, -0.011, -0.972, -3.586 
00054 ,0.150, -0.150, -0.011, -0.972, -3.598 
00055 ,0.150, -0.150, -0.011, -0.972, -3.609 
00056 ,0.150, -0.150, -0.011, -0.972, -3.633 
00057 ,0.150, -0.150, -0.011, -0.972, -3.644 
00058 ,0.150, -0.150, -0.011, -0.972, -3.656 
00059 ,0.150, -0.150, -0.011, -0.972, -3.679 
00060 ,0.150, -0.150, -0.011, -0.972, -3.702 
00061 ,0.150, -0.150, -0.011, -0.972, -3.713 
00062 ,0.150, -0.150, -0.011, -0.972, -3.725 
00063 ,0.150, -0.150, -0.011, -0.972, -3.736 
00064 ,0.150, -0.150, -0.011, -0.972, -3.748 
00065 ,0.150, -0.150, -0.011, -0.972, -3.759 
00066 ,0.150, -0.150, -0.011, -0.972, -3.771 
00067 ,0.150, -0.150, -0.011, -0.972, -3.783 
00068 ,0.150, -0.150, -0.011, -0.972, -3.794 
00069 ,0.150, -0.150, -0.011, -0.972, -3.806 
00070 ,0.150, -0.150, -0.011, -0.972, -3.817 
00071 ,0.150, -0.150, -0.011, -0.972, -3.828 
00072 ,0.150, -0.150, -0.011, -0.972, -3.840 
00073 ,0.150, -0.150, -0.011, -0.972, -3.852 
00074 ,0.150, -0.150, -0.011, -0.972, -3.863 
00075 ,0.150, -0.150, -0.011, -0.972, -3.875 
00076 ,0.150, -0.150, -0.011, -0.972, -3.886 
00077 ,0.150, -0.150, -0.011, -0.972, -3.910 
00078 ,0.150, -0.150, -0.011, -0.972, -3.921 
00079 ,0.150, -0.150, -0.011, -0.972, -3.932 
00080 ,0.150, -0.150, -0.011, -0.972, -3.944 
00081 ,0.150, -0.150, -0.011, -0.972, -3.956 
00082 ,0.150, -0.150, -0.011, -0.972, -3.967 
00083 ,0.150, -0.150, -0.011, -0.972, -3.979 
00084 ,0.150, -0.150, -0.011, -0.972, -3.990 
00085 ,0.150, -0.150, -0.011, -0.972, -4.002 
00086 ,0.150, -0.150, -0.011, -0.972, -4.013 
00087 ,0.150, -0.150, -0.011, -0.972, -4.025 
00088 ,0.150, -0.150, -0.011, -0.972, -4.036 
00089 ,0.150, -0.150, -0.011, -0.972, -4.048 
00090 ,0.150, -0.150, -0.011, -0.972, -4.059 
00091 ,0.150, -0.150, -0.011, -0.972, -4.071 
00092 ,0.150, -0.150, -0.011, -0.972, -4.083 
00093 ,0.150, -0.150, -0.011, -0.972, -4.094 
00094 ,0.150, -0.150, -0.011, -0.972, -4.106 
00095 ,0.150, -0.150, -0.011, -0.972, -4.117 
00096 ,0.150, -0.150, -0.011, -0.972, -4.129 
00097 ,0.150, -0.150, -0.011, -0.972, -4.140 
00098 ,0.150, -0.150, -0.011, -0.972, -4.151 
00099 ,0.150, -0.150, -0.011, -0.972, -4.163 
00100 ,0.150, -0.150, -0.011, -0.972, -4.175 
00101 ,0.150, -0.150, -0.011, -0.972, -4.186 
00102 ,0.150, -0.150, -0.011, -0.972, -4.198 
00103 ,0.150, -0.150, -0.011, -0.972, -4.209 
00104 ,0.150, -0.150, -0.011, -0.972, -4.221 
00105 ,0.150, -0.150, -0.011, -0.972, -4.244 
00106 ,0.150, -0.150, -0.011, -0.972, -4.256 
00107 ,0.150, -0.150, -0.011, -0.972, -4.267 
00108 ,0.150, -0.150, -0.011, -0.972, -4.279 
00109 ,0.150, -0.150, -0.011, -0.972, -4.290 
00110 ,0.150, -0.150, -0.011, -0.972, -4.302 
00111 ,0.150, -0.150, -0.011, -0.972, -4.313 
00112 ,0.150, -0.150, -0.011, -0.972, -4.325 
00113 ,0.150, -0.150, -0.011, -0.972, -4.336 
00114 ,0.150, -0.150, -0.011, -0.972, -4.348 
00115 ,0.150, -0.150, -0.011, -0.972, -4.382 
00116 ,0.150, -0.150, -0.011, -0.972, -4.394 
00117 ,0.150, -0.150, -0.011, -0.972, -4.406 
00118 ,0.150, -0.150, -0.011, -0.972, -4.417 
00119 ,0.150, -0.150, -0.011, -0.972, -4.429 
00120 ,0.150, -0.150, -0.011, -0.972, -4.440 
00121 ,0.150, -0.150, -0.011, -0.972, -4.452 
00122 ,0.150, -0.150, -0.011, -0.972, -4.463 
00123 ,0.150, -0.150, -0.011, -0.972, -4.475 
00124 ,0.150, -0.150, -0.011, -0.972, -4.486 
00125 ,0.150, -0.150, -0.011, -0.972, -4.498 
00126 ,0.150, -0.150, -0.011, -0.972, -4.509 
00127 ,0.150, -0.150, -0.011, -0.972, -4.521 
00128 ,0.150, -0.150, -0.011, -0.972, -4.533 
00129 ,0.150, -0.150, -0.011, -0.972, -4.544 
00130 ,0.150, -0.150, -0.011, -0.972, -4.556 
00131 ,0.150, -0.150, -0.011, -0.972, -4.567 
00132 ,0.145, -0.145, -0.011, -0.972, -4.579 
00133 ,0.140, -0.140, -0.011, -0.972, -4.590 
00134 ,0.135, -0.135, -0.011, -0.972, -4.601 
00135 ,0.130, -0.130, -0.011, -0.972, -4.611 
00136 ,0.125, -0.125, -0.011, -0.972, -4.621 
00137 ,0.120, -0.120, -0.011, -0.972, -4.630 
00138 ,0.115, -0.115, -0.011, -0.972, -4.639 
00139 ,0.110, -0.110, -0.011, -0.972, -4.648 
00140 ,0.105, -0.105, -0.011, -0.972, -4.656 
00141 ,0.100, -0.100, -0.011, -0.972, -4.664 
00142 ,0.095, -0.095, -0.011, -0.972, -4.672 
00143 ,0.090, -0.090, -0.011, -0.972, -4.686 
00144 ,0.085, -0.085, -0.011, -0.972, -4.692 
00145 ,0.080, -0.080, -0.011, -0.972, -4.698 
00146 ,0.075, -0.075, -0.011, -0.972, -4.710 
00147 ,0.070, -0.070, -0.011, -0.972, -4.716 
00148 ,0.065, -0.065, -0.011, -0.972, -4.721 
00149 ,0.060, -0.060, -0.011, -0.972, -4.726 
00150 ,0.055, -0.055, -0.011, -0.972, -4.730 
00151 ,0.050, -0.050, -0.011, -0.972, -4.734 
00152 ,0.045, -0.045, -0.011, -0.972, -4.738 
00153 ,0.040, -0.040, -0.011, -0.972, -4.741 
00154 ,0.035, -0.035, -0.011, -0.972, -4.744 
00155 ,0.030, -0.030, -0.011, -0.972, -4.746 
00156 ,0.025, -0.025, -0.011, -0.972, -4.749 
00157 ,0.000, 0.000, -0.011, -0.972, -4.750 
00000 ,0.000, 0.000, -0.011, -0.972, -4.752 
00001 ,0.005, 0.005, -0.011, -0.972, -4.752 
00002 ,0.010, 0.010, -0.011, -0.972, -4.752 
00003 ,0.015, 0.015, -0.011, -0.972, -4.752 
00004 ,0.020, 0.020, -0.011, -0.972, -4.752 
00005 ,0.025, 0.025, -0.011, -0.972, -4.752 
00006 ,0.030, 0.030, -0.011, -0.972, -4.752 
00007 ,0.035, 0.035, -0.011, -0.971, -4.752 
00008 ,0.040, 0.040, -0.011, -0.971, -4.752 
00009 ,0.045, 0.045, -0.011, -0.971, -4.752 
00010 ,0.050, 0.050, -0.011, -0.970, -4.752 
00011 ,0.055, 0.055, -0.011, -0.970, -4.752 
00012 ,0.060, 0.060, -0.011, -0.969, -4.752 
00013 ,0.065, 0.065, -0.011, -0.969, -4.752 
00014 ,0.070, 0.070, -0.011, -0.968, -4.752 
00015 ,0.075, 0.075, -0.011, -0.967, -4.752 
00016 ,0.080, 0.080, -0.011, -0.967, -4.752 
00017 ,0.085, 0.085, -0.011, -0.966, -4.752 
00018 ,0.090, 0.090, -0.011, -0.965, -4.752 
00019 ,0.095, 0.095, -0.011, -0.964, -4.752 
00020 ,0.100, 0.100, -0.011, -0.963, -4.752 
00021 ,0.105, 0.105, -0.011, -0.963, -4.752 
00022 ,0.110, 0.110, -0.011, -0.962, -4.752 
00023 ,0.115, 0.115, -0.011, -0.961, -4.752 
00024 ,0.120, 0.120, -0.011, -0.959, -4.752 
00025 ,0.125, 0.125, -0.011, -0.958, -4.752 
00026 ,0.130, 0.130, -0.011, -0.957, -4.752 
00027 ,0.135, 0.135, -0.011, -0.956, -4.752 
00028 ,0.140, 0.140, -0.010, -0.955, -4.752 
00029 ,0.145, 0.145, -0.010, -0.953, -4.752 
00030 ,0.150, 0.150, -0.010, -0.952, -4.752 
00031 ,0.155, 0.155, -0.010, -0.951, -4.752 
00032 ,0.160, 0.160, -0.010, -0.949, -4.752 
00033 ,0.165, 0.165, -0.010, -0.948, -4.752 
00034 ,0.170, 0.170, -0.010, -0.946, -4.752 
00035 ,0.175, 0.175, -0.010, -0.944, -4.752 
00036 ,0.180, 0.180, -0.010, -0.943, -4.752 
00037 ,0.185, 0.185, -0.010, -0.941, -4.752 
00038 ,0.190, 0.190, -0.010, -0.939, -4.752 
00039 ,0.195, 0.195, -0.010, -0.937, -4.752 
00040 ,0.200, 0.200, -0.010, -0.935, -4.752 
00041 ,0.205, 0.205, -0.010, -0.934, -4.752 
00042 ,0.210, 0.210, -0.010, -0.932, -4.752 
00043 ,0.215, 0.215, -0.009, -0.930, -4.752 
00044 ,0.220, 0.220, -0.009, -0.927, -4.752 
00045 ,0.225, 0.225, -0.009, -0.925, -4.752 
00046 ,0.230, 0.230, -0.009, -0.923, -4.752 
00047 ,0.235, 0.235, -0.009, -0.921, -4.752 
00048 ,0.240, 0.240, -0.009, -0.919, -4.752 
00049 ,0.245, 0.245, -0.009, -0.916, -4.752 
00050 ,0.250, 0.250, -0.009, -0.914, -4.752 
00051 ,0.255, 0.255, -0.009, -0.912, -4.752 
00052 ,0.260, 0.260, -0.009, -0.909, -4.752 
00053 ,0.265, 0.265, -0.009, -0.907, -4.752 
00054 ,0.270, 0.270, -0.008, -0.904, -4.752 
00055 ,0.275, 0.275, -0.008, -0.901, -4.752 
00056 ,0.280, 0.280, -0.008, -0.899, -4.752 
00057 ,0.285, 0.285, -0.008, -0.896, -4.752 
00058 ,0.290, 0.290, -0.008, -0.893, -4.752 
00059 ,0.295, 0.295, -0.008, -0.890, -4.752 
00060 ,0.300, 0.300, -0.008, -0.888, -4.752 
00061 ,0.300, 0.300, -0.008, -0.885, -4.752 
00062 ,0.300, 0.300, -0.007, -0.879, -4.752 
00063 ,0.300, 0.300, -0.007, -0.876, -4.752 
00064 ,0.300, 0.300, -0.007, -0.873, -4.752 
00065 ,0.300, 0.300, -0.007, -0.870, -4.752 
00066 ,0.300, 0.300, -0.007, -0.867, -4.752 
00067 ,0.300, 0.300, -0.007, -0.864, -4.752 
00068 ,0.300, 0.300, -0.007, -0.861, -4.752 
00069 ,0.300, 0.300, -0.007, -0.858, -4.752 
00070 ,0.300, 0.300, -0.007, -0.855, -4.752 
00071 ,0.300, 0.300, -0.006, -0.852, -4.752 
00072 ,0.300, 0.300, -0.006, -0.849, -4.752 
00073 ,0.300, 0.300, -0.006, -0.846, -4.752 
00074 ,0.300, 0.300, -0.006, -0.843, -4.752 
00075 ,0.300, 0.300, -0.006, -0.840, -4.752 
00076 ,0.300, 0.300, -0.006, -0.837, -4.752 
00077 ,0.300, 0.300, -0.006, -0.834, -4.752 
00078 ,0.300, 0.300, -0.006, -0.831, -4.752 
00079 ,0.300, 0.300, -0.005, -0.828, -4.752 
00080 ,0.300, 0.300, -0.005, -0.825, -4.752 
00081 ,0.300, 0.300, -0.005, -0.822, -4.752 
00082 ,0.300, 0.300, -0.005, -0.819, -4.752 
00083 ,0.300, 0.300, -0.005, -0.816, -4.752 
00084 ,0.300, 0.300, -0.005, -0.813, -4.752 
00085 ,0.300, 0.300, -0.005, -0.810, -4.752 
00086 ,0.300, 0.300, -0.005, -0.807, -4.752 
00087 ,0.300, 0.300, -0.004, -0.804, -4.752 
00088 ,0.300, 0.300, -0.004, -0.801, -4.752 
00089 ,0.300, 0.300, -0.004, -0.798, -4.752 
00090 ,0.300, 0.300, -0.004, -0.795, -4.752 
00091 ,0.300, 0.300, -0.004, -0.792, -4.752 
00092 ,0.300, 0.300, -0.004, -0.789, -4.752 
00093 ,0.300, 0.300, -0.004, -0.786, -4.752 
00094 ,0.300, 0.300, -0.004, -0.783, -4.752 
00095 ,0.300, 0.300, -0.004, -0.780, -4.752 
00096 ,0.300, 0.300, -0.003, -0.777, -4.752 
00097 ,0.300, 0.300, -0.003, -0.774, -4.752 
00098 ,0.300, 0.300, -0.003, -0.771, -4.752 
00099 ,0.300, 0.300, -0.003, -0.768, -4.752 
00100 ,0.300, 0.300, -0.003, -0.765, -4.752 
00101 ,0.300, 0.300, -0.003, -0.762, -4.752 
00102 ,0.300, 0.300, -0.003, -0.756, -4.752 
00103 ,0.300, 0.300, -0.002, -0.753, -4.752 
00104 ,0.300, 0.300, -0.002, -0.750, -4.752 
00105 ,0.300, 0.300, -0.002, -0.747, -4.752 
00106 ,0.300, 0.300, -0.002, -0.744, -4.752 
00107 ,0.300, 0.300, -0.002, -0.741, -4.752 
00108 ,0.300, 0.300, -0.002, -0.738, -4.752 
00109 ,0.300, 0.300, -0.002, -0.735, -4.752 
00110 ,0.300, 0.300, -0.002, -0.729, -4.752 
00111 ,0.300, 0.300, -0.001, -0.726, -4.752 
00112 ,0.300, 0.300, -0.001, -0.723, -4.752 
00113 ,0.300, 0.300, -0.001, -0.720, -4.752 
00114 ,0.300, 0.300, -0.001, -0.717, -4.752 
00115 ,0.300, 0.300, -0.001, -0.714, -4.752 
00116 ,0.300, 0.300, -0.001, -0.711, -4.752 
00117 ,0.300, 0.300, -0.001, -0.708, -4.752 
00118 ,0.300, 0.300, -0.001, -0.705, -4.752 
00119 ,0.300, 0.300, -0.000, -0.702, -4.752 
00120 ,0.300, 0.300, -0.000, -0.699, -4.752 
00121 ,0.300, 0.300, -0.000, -0.696, -4.752 
00122 ,0.300, 0.300, -0.000, -0.693, -4.752 
00123 ,0.300, 0.300, 0.000, -0.690, -4.752 
00124 ,0.300, 0.300, 0.000, -0.687, -4.752 
00125 ,0.300, 0.300, 0.000, -0.684, -4.752 
00126 ,0.300, 0.300, 0.000, -0.681, -4.752 
00127 ,0.300, 0.300, 0.001, -0.678, -4.752 
00128 ,0.300, 0.300, 0.001, -0.675, -4.752 
00129 ,0.300, 0.300, 0.001, -0.672, -4.752 
00130 ,0.300, 0.300, 0.001, -0.669, -4.752 
00131 ,0.300, 0.300, 0.001, -0.666, -4.752 
00132 ,0.300, 0.300, 0.001, -0.663, -4.752 
00133 ,0.300, 0.300, 0.001, -0.660, -4.752 
00134 ,0.300, 0.300, 0.001, -0.657, -4.752 
00135 ,0.300, 0.300, 0.001, -0.654, -4.752 
00136 ,0.300, 0.300, 0.002, -0.651, -4.752 
00137 ,0.300, 0.300, 0.002, -0.648, -4.752 
00138 ,0.300, 0.300, 0.002, -0.645, -4.752 
00139 ,0.300, 0.300, 0.002, -0.642, -4.752 
00140 ,0.300, 0.300, 0.002, -0.639, -4.752 
00141 ,0.300, 0.300, 0.002, -0.636, -4.752 
00142 ,0.300, 0.300, 0.002, -0.633, -4.752 
00143 ,0.300, 0.300, 0.002, -0.630, -4.752 
00144 ,0.300, 0.300, 0.003, -0.627, -4.752 
00145 ,0.300, 0.300, 0.003, -0.624, -4.752 
00146 ,0.300, 0.300, 0.003, -0.621, -4.752 
00147 ,0.300, 0.300, 0.003, -0.618, -4.752 
00148 ,0.300, 0.300, 0.003, -0.615, -4.752 
00149 ,0.300, 0.300, 0.003, -0.612, -4.752 
00150 ,0.300, 0.300, 0.003, -0.609, -4.752 
00151 ,0.300, 0.300, 0.003, -0.606, -4.752 
00152 ,0.300, 0.300, 0.003, -0.603, -4.752 
00153 ,0.300, 0.300, 0.004, -0.600, -4.752 
00154 ,0.300, 0.300, 0.004, -0.597, -4.752 
00155 ,0.300, 0.300, 0.004, -0.594, -4.752 
00156 ,0.300, 0.300, 0.004, -0.591, -4.752 
00157 ,0.300, 0.300, 0.004, -0.588, -4.752 
00158 ,0.300, 0.300, 0.004, -0.585, -4.752 
00159 ,0.300, 0.300, 0.004, -0.582, -4.752 
00160 ,0.300, 0.300, 0.004, -0.579, -4.752 
00161 ,0.300, 0.300, 0.005, -0.576, -4.752 
00162 ,0.300, 0.300, 0.005, -0.573, -4.752 
00163 ,0.300, 0.300, 0.005, -0.570, -4.752 
00164 ,0.300, 0.300, 0.005, -0.567, -4.752 
00165 ,0.300, 0.300, 0.005, -0.564, -4.752 
00166 ,0.300, 0.300, 0.005, -0.561, -4.752 
00167 ,0.300, 0.300, 0.005, -0.558, -4.752 
00168 ,0.300, 0.300, 0.005, -0.555, -4.752 
00169 ,0.300, 0.300, 0.006, -0.552, -4.752 
00170 ,0.300, 0.300, 0.006, -0.549, -4.752 
00171 ,0.300, 0.300, 0.006, -0.546, -4.752 
00172 ,0.300, 0.300, 0.006, -0.543, -4.752 
00173 ,0.300, 0.300, 0.006, -0.540, -4.752 
00174 ,0.300, 0.300, 0.006, -0.537, -4.752 
00175 ,0.300, 0.300, 0.006, -0.534, -4.752 
00176 ,0.300, 0.300, 0.006, -0.531, -4.752 
00177 ,0.300, 0.300, 0.006, -0.528, -4.752 
00178 ,0.300, 0.300, 0.007, -0.525, -4.752 
00179 ,0.300, 0.300, 0.007, -0.522, -4.752 
00180 ,0.300, 0.300, 0.007, -0.519, -4.752 
00181 ,0.300, 0.300, 0.007, -0.516, -4.752 
00182 ,0.300, 0.300, 0.007, -0.513, -4.752 
00183 ,0.300, 0.300, 0.007, -0.510, -4.752 
00184 ,0.300, 0.300, 0.007, -0.507, -4.752 
00185 ,0.300, 0.300, 0.007, -0.504, -4.752 
00186 ,0.300, 0.300, 0.008, -0.501, -4.752 
00187 ,0.300, 0.300, 0.008, -0.498, -4.752 
00188 ,0.300, 0.300, 0.008, -0.495, -4.752 
00189 ,0.300, 0.300, 0.008, -0.492, -4.752 
00190 ,0.300, 0.300, 0.008, -0.489, -4.752 
00191 ,0.300, 0.300, 0.008, -0.486, -4.752 
00192 ,0.300, 0.300, 0.008, -0.483, -4.752 
00193 ,0.300, 0.300, 0.008, -0.480, -4.752 
00194 ,0.300, 0.300, 0.009, -0.477, -4.752 
00195 ,0.300, 0.300, 0.009, -0.474, -4.752 
00196 ,0.300, 0.300, 0.009, -0.471, -4.752 
00197 ,0.300, 0.300, 0.009, -0.468, -4.752 
00198 ,0.300, 0.300, 0.009, -0.465, -4.752 
00199 ,0.300, 0.300, 0.009, -0.462, -4.752 
00200 ,0.300, 0.300, 0.009, -0.456, -4.752 
00201 ,0.300, 0.300, 0.009, -0.453, -4.752 
00202 ,0.300, 0.300, 0.010, -0.450, -4.752 
00203 ,0.300, 0.300, 0.010, -0.447, -4.752 
00204 ,0.300, 0.300, 0.010, -0.444, -4.752 
00205 ,0.300, 0.300, 0.010, -0.441, -4.752 
00206 ,0.300, 0.300, 0.010, -0.438, -4.752 
00207 ,0.300, 0.300, 0.010, -0.435, -4.752 
00208 ,0.300, 0.300, 0.010, -0.432, -4.752 
00209 ,0.300, 0.300, 0.010, -0.429, -4.752 
00210 ,0.300, 0.300, 0.011, -0.426, -4.752 
00211 ,0.300, 0.300, 0.011, -0.423, -4.752 
00212 ,0.300, 0.300, 0.011, -0.420, -4.752 
00213 ,0.300, 0.300, 0.011, -0.417, -4.752 
00214 ,0.300, 0.300, 0.011, -0.414, -4.752 
00215 ,0.300, 0.300, 0.011, -0.411, -4.752 
00216 ,0.300, 0.300, 0.011, -0.408, -4.752 
00217 ,0.300, 0.300, 0.011, -0.405, -4.752 
00218 ,0.300, 0.300, 0.011, -0.402, -4.752 
00219 ,0.300, 0.300, 0.012, -0.399, -4.752 
00220 ,0.300, 0.300, 0.012, -0.396, -4.752 
00221 ,0.300, 0.300, 0.012, -0.393, -4.752 
00222 ,0.300, 0.300, 0.012, -0.390, -4.752 
00223 ,0.300, 0.300, 0.012, -0.387, -4.752 
00224 ,0.300, 0.300, 0.012, -0.384, -4.752 
00225 ,0.300, 0.300, 0.012, -0.381, -4.752 
00226 ,0.300, 0.300, 0.012, -0.378, -4.752 
00227 ,0.300, 0.300, 0.013, -0.375, -4.752 
00228 ,0.300, 0.300, 0.013, -0.372, -4.752 
00229 ,0.300, 0.300, 0.013, -0.369, -4.752 
00230 ,0.300, 0.300, 0.013, -0.366, -4.752 
00231 ,0.300, 0.300, 0.013, -0.363, -4.752 
00232 ,0.300, 0.300, 0.013, -0.360, -4.752 
00233 ,0.300, 0.300, 0.013, -0.357, -4.752 
00234 ,0.300, 0.300, 0.013, -0.354, -4.752 
00235 ,0.300, 0.300, 0.014, -0.351, -4.752 
00236 ,0.300, 0.300, 0.014, -0.348, -4.752 
00237 ,0.300, 0.300, 0.014, -0.345, -4.752 
00238 ,0.300, 0.300, 0.014, -0.342, -4.752 
00239 ,0.300, 0.300, 0.014, -0.339, -4.752 
00240 ,0.300, 0.300, 0.014, -0.336, -4.752 
00241 ,0.300, 0.300, 0.014, -0.333, -4.752 
00242 ,0.300, 0.300, 0.014, -0.330, -4.752 
00243 ,0.300, 0.300, 0.014, -0.327, -4.752 
00244 ,0.300, 0.300, 0.015, -0.324, -4.752 
00245 ,0.300, 0.300, 0.015, -0.321, -4.752 
00246 ,0.300, 0.300, 0.015, -0.318, -4.752 
00247 ,0.300, 0.300, 0.015, -0.315, -4.752 
00248 ,0.300, 0.300, 0.015, -0.312, -4.752 
00249 ,0.300, 0.300, 0.015, -0.309, -4.752 
00250 ,0.300, 0.300, 0.015, -0.306, -4.752 
00251 ,0.300, 0.300, 0.015, -0.303, -4.752 
00252 ,0.300, 0.300, 0.016, -0.300, -4.752 
00253 ,0.300, 0.300, 0.016, -0.297, -4.752 
00254 ,0.300, 0.300, 0.016, -0.294, -4.752 
00255 ,0.300, 0.300, 0.016, -0.291, -4.752 
00256 ,0.300, 0.300, 0.016, -0.288, -4.752 
00257 ,0.300, 0.300, 0.016, -0.285, -4.752 
00258 ,0.300, 0.300, 0.016, -0.282, -4.752 
00259 ,0.300, 0.300, 0.016, -0.279, -4.752 
00260 ,0.300, 0.300, 0.016, -0.276, -4.752 
00261 ,0.300, 0.300, 0.017, -0.273, -4.752 
00262 ,0.300, 0.300, 0.017, -0.270, -4.752 
00263 ,0.300, 0.300, 0.017, -0.267, -4.752 
00264 ,0.300, 0.300, 0.017, -0.264, -4.752 
00265 ,0.300, 0.300, 0.017, -0.261, -4.752 
00266 ,0.300, 0.300, 0.017, -0.258, -4.752 
00267 ,0.300, 0.300, 0.017, -0.255, -4.752 
00268 ,0.300, 0.300, 0.017, -0.252, -4.752 
00269 ,0.300, 0.300, 0.018, -0.249, -4.752 
00270 ,0.300, 0.300, 0.018, -0.246, -4.752 
00271 ,0.300, 0.300, 0.018, -0.243, -4.752 
00272 ,0.300, 0.300, 0.018, -0.240, -4.752 
00273 ,0.300, 0.300, 0.018, -0.237, -4.752 
00274 ,0.300, 0.300, 0.018, -0.234, -4.752 
00275 ,0.300, 0.300, 0.018, -0.231, -4.752 
00276 ,0.300, 0.300, 0.018, -0.228, -4.752 
00277 ,0.300, 0.300, 0.019, -0.225, -4.752 
00278 ,0.300, 0.300, 0.019, -0.222, -4.752 
00279 ,0.300, 0.300, 0.019, -0.219, -4.752 
00280 ,0.300, 0.300, 0.019, -0.216, -4.752 
00281 ,0.300, 0.300, 0.019, -0.213, -4.752 
00282 ,0.300, 0.300, 0.019, -0.210, -4.752 
00283 ,0.300, 0.300, 0.019, -0.207, -4.752 
00284 ,0.300, 0.300, 0.019, -0.204, -4.752 
00285 ,0.300, 0.300, 0.019, -0.201, -4.752 
00286 ,0.300, 0.300, 0.020, -0.198, -4.752 
00287 ,0.300, 0.300, 0.020, -0.195, -4.752 
00288 ,0.300, 0.300, 0.020, -0.192, -4.752 
00289 ,0.300, 0.300, 0.020, -0.189, -4.752 
00290 ,0.300, 0.300, 0.020, -0.186, -4.752 
00291 ,0.300, 0.300, 0.020, -0.183, -4.752 
00292 ,0.300, 0.300, 0.020, -0.180, -4.752 
00293 ,0.300, 0.300, 0.020, -0.177, -4.752 
00294 ,0.300, 0.300, 0.021, -0.174, -4.752 
00295 ,0.300, 0.300, 0.021, -0.171, -4.752 
00296 ,0.300, 0.300, 0.021, -0.168, -4.752 
00297 ,0.300, 0.300, 0.021, -0.165, -4.752 
00298 ,0.300, 0.300, 0.021, -0.162, -4.752 
00299 ,0.300, 0.300, 0.021, -0.159, -4.752 
00300 ,0.300, 0.300, 0.021, -0.156, -4.752 
00301 ,0.300, 0.300, 0.021, -0.153, -4.752 
00302 ,0.300, 0.300, 0.021, -0.150, -4.752 
00303 ,0.300, 0.300, 0.022, -0.147, -4.752 
00304 ,0.300, 0.300, 0.022, -0.144, -4.752 
00305 ,0.300, 0.300, 0.022, -0.141, -4.752 
00306 ,0.300, 0.300, 0.022, -0.138, -4.752 
00307 ,0.300, 0.300, 0.022, -0.135, -4.752 
00308 ,0.300, 0.300, 0.022, -0.132, -4.752 
00309 ,0.300, 0.300, 0.022, -0.129, -4.752 
00310 ,0.300, 0.300, 0.022, -0.126, -4.752 
00311 ,0.300, 0.300, 0.023, -0.123, -4.752 
00312 ,0.300, 0.300, 0.023, -0.120, -4.752 
00313 ,0.300, 0.300, 0.023, -0.117, -4.752 
00314 ,0.300, 0.300, 0.023, -0.114, -4.752 
00315 ,0.300, 0.300, 0.023, -0.111, -4.752 
00316 ,0.300, 0.300, 0.023, -0.108, -4.752 
00317 ,0.300, 0.300, 0.023, -0.105, -4.752 
00318 ,0.300, 0.300, 0.023, -0.102, -4.752 
00319 ,0.300, 0.300, 0.024, -0.099, -4.752 
00320 ,0.300, 0.300, 0.024, -0.096, -4.752 
00321 ,0.300, 0.300, 0.024, -0.093, -4.752 
00322 ,0.300, 0.300, 0.024, -0.090, -4.752 
00323 ,0.300, 0.300, 0.024, -0.087, -4.752 
00324 ,0.300, 0.300, 0.024, -0.084, -4.752 
00325 ,0.300, 0.300, 0.024, -0.081, -4.752 
00326 ,0.300, 0.300, 0.024, -0.078, -4.752 
00327 ,0.300, 0.300, 0.024, -0.075, -4.752 
00328 ,0.300, 0.300, 0.025, -0.072, -4.752 
00329 ,0.300, 0.300, 0.025, -0.069, -4.752 
00330 ,0.300, 0.300, 0.025, -0.066, -4.752 
00331 ,0.300, 0.300, 0.025, -0.063, -4.752 
00332 ,0.300, 0.300, 0.025, -0.060, -4.752 
00333 ,0.295, 0.295, 0.025, -0.057, -4.752 
00334 ,0.290, 0.290, 0.025, -0.054, -4.752 
00335 ,0.285, 0.285, 0.025, -0.051, -4.752 
00336 ,0.280, 0.280, 0.026, -0.049, -4.752 
00337 ,0.275, 0.275, 0.026, -0.046, -4.752 
00338 ,0.270, 0.270, 0.026, -0.043, -4.752 
00339 ,0.265, 0.265, 0.026, -0.040, -4.752 
00340 ,0.260, 0.260, 0.026, -0.038, -4.752 
00341 ,0.255, 0.255, 0.026, -0.035, -4.752 
00342 ,0.250, 0.250, 0.026, -0.033, -4.752 
00343 ,0.245, 0.245, 0.026, -0.030, -4.752 
00344 ,0.240, 0.240, 0.026, -0.028, -4.752 
00345 ,0.235, 0.235, 0.026, -0.025, -4.752 
00346 ,0.230, 0.230, 0.027, -0.023, -4.752 
00347 ,0.225, 0.225, 0.027, -0.021, -4.752 
00348 ,0.220, 0.220, 0.027, -0.019, -4.752 
00349 ,0.215, 0.215, 0.027, -0.016, -4.752 
00350 ,0.210, 0.210, 0.027, -0.014, -4.752 
00351 ,0.205, 0.205, 0.027, -0.012, -4.752 
00352 ,0.200, 0.200, 0.027, -0.010, -4.752 
00353 ,0.195, 0.195, 0.027, -0.008, -4.752 
00354 ,0.190, 0.190, 0.027, -0.006, -4.752 
00355 ,0.185, 0.185, 0.027, -0.004, -4.752 
00356 ,0.180, 0.180, 0.027, -0.003, -4.752 
00357 ,0.175, 0.175, 0.027, -0.001, -4.752 
00358 ,0.170, 0.170, 0.027, 0.001, -4.752 
00359 ,0.165, 0.165, 0.028, 0.003, -4.752 
00360 ,0.160, 0.160, 0.028, 0.004, -4.752 
00361 ,0.155, 0.155, 0.028, 0.006, -4.752 
00362 ,0.150, 0.150, 0.028, 0.007, -4.752 
00363 ,0.145, 0.145, 0.028, 0.009, -4.752 
00364 ,0.140, 0.140, 0.028, 0.010, -4.752 
00365 ,0.135, 0.135, 0.028, 0.012, -4.752 
00366 ,0.130, 0.130, 0.028, 0.013, -4.752 
00367 ,0.125, 0.125, 0.028, 0.014, -4.752 
00368 ,0.120, 0.120, 0.028, 0.015, -4.752 
00369 ,0.115, 0.115, 0.028, 0.017, -4.752 
00370 ,0.110, 0.110, 0.028, 0.018, -4.752 
00371 ,0.105, 0.105, 0.028, 0.019, -4.752 
00372 ,0.100, 0.100, 0.028, 0.020, -4.752 
00373 ,0.095, 0.095, 0.028, 0.021, -4.752 
00374 ,0.090, 0.090, 0.028, 0.022, -4.752 
00375 ,0.085, 0.085, 0.028, 0.023, -4.752 
00376 ,0.080, 0.080, 0.028, 0.023, -4.752 
00377 ,0.075, 0.075, 0.028, 0.024, -4.752 
00378 ,0.070, 0.070, 0.028, 0.025, -4.752 
00379 ,0.065, 0.065, 0.028, 0.026, -4.752 
00380 ,0.060, 0.060, 0.028, 0.026, -4.752 
00381 ,0.055, 0.055, 0.029, 0.027, -4.752 
00382 ,0.050, 0.050, 0.029, 0.027, -4.752 
00383 ,0.045, 0.045, 0.029, 0.028, -4.752 
00384 ,0.000, 0.000, 0.029, 0.028, -4.752 
00000 ,0.000, 0.000, 0.029, 0.029, -4.752 
00001 ,0.005, -0.005, 0.029, 0.029, -4.752 
00002 ,0.010, -0.010, 0.029, 0.029, -4.752 
00003 ,0.015, -0.015, 0.029, 0.029, -4.752 
00004 ,0.020, -0.020, 0.029, 0.029, -4.754 
00005 ,0.025, -0.025, 0.029, 0.029, -4.755 
00006 ,0.030, -0.030, 0.029, 0.029, -4.756 
00007 ,0.035, -0.035, 0.029, 0.029, -4.758 
00008 ,0.040, -0.040, 0.029, 0.029, -4.760 
00009 ,0.045, -0.045, 0.029, 0.029, -4.763 
00010 ,0.050, -0.050, 0.029, 0.029, -4.766 
00011 ,0.055, -0.055, 0.029, 0.029, -4.769 
00012 ,0.060, -0.060, 0.029, 0.029, -4.772 
00013 ,0.065, -0.065, 0.029, 0.029, -4.776 
00014 ,0.070, -0.070, 0.029, 0.029, -4.780 
00015 ,0.075, -0.075, 0.029, 0.029, -4.785 
00016 ,0.080, -0.080, 0.029, 0.029, -4.789 
00017 ,0.085, -0.085, 0.029, 0.029, -4.795 
00018 ,0.090, -0.090, 0.029, 0.029, -4.801 
00019 ,0.095, -0.095, 0.029, 0.029, -4.807 
00020 ,0.100, -0.100, 0.029, 0.029, -4.814 
00021 ,0.105, -0.105, 0.029, 0.029, -4.829 
00022 ,0.110, -0.110, 0.029, 0.029, -4.836 
00023 ,0.115, -0.115, 0.029, 0.029, -4.852 
00024 ,0.120, -0.120, 0.029, 0.029, -4.861 
00025 ,0.125, -0.125, 0.029, 0.029, -4.869 
00026 ,0.130, -0.130, 0.029, 0.029, -4.878 
00027 ,0.135, -0.135, 0.029, 0.029, -4.888 
00028 ,0.140, -0.140, 0.029, 0.029, -4.898 
00029 ,0.145, -0.145, 0.029, 0.029, -4.908 
00030 ,0.150, -0.150, 0.029, 0.029, -4.919 
00031 ,0.150, -0.150, 0.029, 0.029, -4.930 
00032 ,0.150, -0.150, 0.029, 0.029, -4.941 
00033 ,0.150, -0.150, 0.029, 0.029, -4.964 
00034 ,0.150, -0.150, 0.029, 0.029, -4.975 
00035 ,0.150, -0.150, 0.029, 0.029, -4.987 
00036 ,0.150, -0.150, 0.029, 0.029, -4.999 
00037 ,0.150, -0.150, 0.029, 0.029, -5.010 
00038 ,0.150, -0.150, 0.029, 0.029, -5.033 
00039 ,0.150, -0.150, 0.029, 0.029, -5.045 
00040 ,0.150, -0.150, 0.029, 0.029, -5.057 
00041 ,0.150, -0.150, 0.029, 0.029, -5.068 
00042 ,0.150, -0.150, 0.029, 0.029, -5.079 
00043 ,0.150, -0.150, 0.029, 0.029, -5.091 
00044 ,0.150, -0.150, 0.029, 0.029, -5.102 
00045 ,0.150, -0.150, 0.029, 0.029, -5.114 
00046 ,0.150, -0.150, 0.029, 0.029, -5.126 
00047 ,0.150, -0.150, 0.029, 0.029, -5.137 
00048 ,0.150, -0.150, 0.029, 0.029, -5.149 
00049 ,0.150, -0.150, 0.029, 0.029, -5.160 
00050 ,0.150, -0.150, 0.029, 0.029, -5.172 
00051 ,0.150, -0.150, 0.029, 0.029, -5.183 
00052 ,0.150, -0.150, 0.029, 0.029, -5.194 
00053 ,0.150, -0.150, 0.029, 0.029, -5.206 
00054 ,0.150, -0.150, 0.029, 0.029, -5.218 
00055 ,0.150, -0.150, 0.029, 0.029, -5.229 
00056 ,0.150, -0.150, 0.029, 0.029, -5.241 
00057 ,0.150, -0.150, 0.029, 0.029, -5.253 
00058 ,0.150, -0.150, 0.029, 0.029, -5.264 
00059 ,0.150, -0.150, 0.029, 0.029, -5.276 
00060 ,0.150, -0.150, 0.029, 0.029, -5.287 
00061 ,0.150, -0.150, 0.029, 0.029, -5.298 
00062 ,0.150, -0.150, 0.029, 0.029, -5.310 
00063 ,0.150, -0.150, 0.029, 0.029, -5.322 
00064 ,0.150, -0.150, 0.029, 0.029, -5.333 
00065 ,0.150, -0.150, 0.029, 0.029, -5.345 
00066 ,0.150, -0.150, 0.029, 0.029, -5.356 
00067 ,0.150, -0.150, 0.029, 0.029, -5.368 
00068 ,0.150, -0.150, 0.029, 0.029, -5.380 
00069 ,0.150, -0.150, 0.029, 0.029, -5.391 
00070 ,0.150, -0.150, 0.029, 0.029, -5.403 
00071 ,0.150, -0.150, 0.029, 0.029, -5.414 
00072 ,0.150, -0.150, 0.029, 0.029, -5.425 
00073 ,0.150, -0.150, 0.029, 0.029, -5.437 
00074 ,0.150, -0.150, 0.029, 0.029, -5.449 
00075 ,0.150, -0.150, 0.029, 0.029, -5.460 
00076 ,0.150, -0.150, 0.029, 0.029, -5.472 
00077 ,0.150, -0.150, 0.029, 0.029, -5.483 
00078 ,0.150, -0.150, 0.029, 0.029, -5.495 
00079 ,0.150, -0.150, 0.029, 0.029, -5.507 
00080 ,0.150, -0.150, 0.029, 0.029, -5.518 
00081 ,0.150, -0.150, 0.029, 0.029, -5.529 
00082 ,0.150, -0.150, 0.029, 0.029, -5.541 
00083 ,0.150, -0.150, 0.029, 0.029, -5.552 
00084 ,0.150, -0.150, 0.029, 0.029, -5.564 
00085 ,0.150, -0.150, 0.029, 0.029, -5.575 
00086 ,0.150, -0.150, 0.029, 0.029, -5.587 
00087 ,0.150, -0.150, 0.029, 0.029, -5.599 
00088 ,0.150, -0.150, 0.029, 0.029, -5.622 
00089 ,0.150, -0.150, 0.029, 0.029, -5.633 
00090 ,0.150, -0.150, 0.029, 0.029, -5.644 
00091 ,0.150, -0.150, 0.029, 0.029, -5.656 
00092 ,0.150, -0.150, 0.029, 0.029, -5.668 
00093 ,0.150, -0.150, 0.029, 0.029, -5.679 
00094 ,0.150, -0.150, 0.029, 0.029, -5.691 
00095 ,0.150, -0.150, 0.029, 0.029, -5.703 
00096 ,0.150, -0.150, 0.029, 0.029, -5.714 
00097 ,0.150, -0.150, 0.029, 0.029, -5.737 
00098 ,0.150, -0.150, 0.029, 0.029, -5.748 
00099 ,0.150, -0.150, 0.029, 0.029, -5.760 
00100 ,0.150, -0.150, 0.029, 0.029, -5.772 
00101 ,0.150, -0.150, 0.029, 0.029, -5.783 
00102 ,0.150, -0.150, 0.029, 0.029, -5.795 
00103 ,0.150, -0.150, 0.029, 0.029, -5.806 
00104 ,0.150, -0.150, 0.029, 0.029, -5.818 
00105 ,0.150, -0.150, 0.029, 0.029, -5.830 
00106 ,0.150, -0.150, 0.029, 0.029, -5.841 
00107 ,0.150, -0.150, 0.029, 0.029, -5.853 
00108 ,0.150, -0.150, 0.029, 0.029, -5.864 
00109 ,0.150, -0.150, 0.029, 0.029, -5.875 
00110 ,0.150, -0.150, 0.029, 0.029, -5.887 
00111 ,0.150, -0.150, 0.029, 0.029, -5.899 
00112 ,0.150, -0.150, 0.029, 0.029, -5.910 
00113 ,0.150, -0.150, 0.029, 0.029, -5.922 
00114 ,0.150, -0.150, 0.029, 0.029, -5.933 
00115 ,0.150, -0.150, 0.029, 0.029, -5.945 
00116 ,0.150, -0.150, 0.029, 0.029, -5.957 
00117 ,0.150, -0.150, 0.029, 0.029, -5.968 
00118 ,0.150, -0.150, 0.029, 0.029, -5.979 
00119 ,0.150, -0.150, 0.029, 0.029, -5.991 
00120 ,0.150, -0.150, 0.029, 0.029, -6.002 
00121 ,0.150, -0.150, 0.029, 0.029, -6.014 
00122 ,0.150, -0.150, 0.029, 0.029, -6.025 
00123 ,0.150, -0.150, 0.029, 0.029, -6.037 
00124 ,0.150, -0.150, 0.029, 0.029, -6.049 
00125 ,0.150, -0.150, 0.029, 0.029, -6.060 
00126 ,0.150, -0.150, 0.029, 0.029, -6.072 
00127 ,0.150, -0.150, 0.029, 0.029, -6.083 
00128 ,0.150, -0.150, 0.029, 0.029, -6.094 
00129 ,0.150, -0.150, 0.029, 0.029, -6.106 
00130 ,0.150, -0.150, 0.029, 0.029, -6.118 
00131 ,0.150, -0.150, 0.029, 0.029, -6.129 
00132 ,0.150, -0.150, 0.029, 0.029, -6.141 
00133 ,0.150, -0.150, 0.029, 0.029, -6.153 
00134 ,0.145, -0.145, 0.029, 0.029, -6.164 
00135 ,0.140, -0.140, 0.029, 0.029, -6.176 
00136 ,0.135, -0.135, 0.029, 0.029, -6.186 
00137 ,0.130, -0.130, 0.029, 0.029, -6.196 
00138 ,0.125, -0.125, 0.029, 0.029, -6.206 
00139 ,0.120, -0.120, 0.029, 0.029, -6.224 
00140 ,0.115, -0.115, 0.029, 0.029, -6.234 
00141 ,0.110, -0.110, 0.029, 0.029, -6.243 
00142 ,0.105, -0.105, 0.029, 0.029, -6.258 
00143 ,0.100, -0.100, 0.029, 0.029, -6.266 
00144 ,0.095, -0.095, 0.029, 0.029, -6.274 
00145 ,0.090, -0.090, 0.029, 0.029, -6.281 
00146 ,0.085, -0.085, 0.029, 0.029, -6.288 
00147 ,0.080, -0.080, 0.029, 0.029, -6.294 
00148 ,0.075, -0.075, 0.029, 0.029, -6.300 
00149 ,0.070, -0.070, 0.029, 0.029, -6.306 
00150 ,0.065, -0.065, 0.029, 0.029, -6.311 
00151 ,0.060, -0.060, 0.029, 0.029, -6.315 
00152 ,0.055, -0.055, 0.029, 0.029, -6.320 
00153 ,0.050, -0.050, 0.029, 0.029, -6.324 
00154 ,0.045, -0.045, 0.029, 0.029, -6.328 
00155 ,0.040, -0.040, 0.029, 0.029, -6.331 
00156 ,0.035, -0.035, 0.029, 0.029, -6.334 
00157 ,0.000, 0.000, 0.029, 0.029, -6.336 
00000 ,0.000, 0.000, 0.029, 0.029, -6.339 
